Predicted_Class	P0	P1
0	0.572233	0.427812
1	0.0664612	0.934547
1	0.150628	0.851855
0	0.582008	0.419479
1	0.281007	0.718286
0	0.748209	0.252218
1	0.249324	0.754854
0	0.679003	0.32124
0	0.828503	0.172144
1	0.185777	0.814626
0	0.826802	0.173862
1	0.37578	0.624685
0	0.999188	0.000842625
0	0.722246	0.278783
0	0.720077	0.28114
0	0.684232	0.31615
0	0.819449	0.180915
0	0.781136	0.220527
1	0.112302	0.887196
0	0.684014	0.316282
1	0.340976	0.656175
0	0.99853	0.00154225
1	0.274339	0.726347
0	0.709651	0.291179
1	0.412247	0.582023
1	0.336748	0.667136
1	0.453592	0.546255
0	0.99504	0.00509884
1	0.266372	0.732635
0	0.609022	0.393199
1	0.254425	0.745556
0	0.858463	0.141081
0	0.720225	0.282473
0	0.692229	0.308304
0	0.994587	0.00544841
0	0.569795	0.430612
1	0.372873	0.625777
0	0.991755	0.00852037
1	0.178116	0.820132
0	0.754041	0.242503
1	0.326396	0.672927
0	0.99772	0.00231771
0	0.998846	0.0011953
0	0.725118	0.275488
0	0.753723	0.243747
0	0.794652	0.206085
1	0.223735	0.775144
1	0.435595	0.564353
1	0.433162	0.563552
0	0.699208	0.301854
0	0.993129	0.00698208
1	7.14178e-05	0.999937
0	0.803383	0.197498
1	0.38675	0.610347
0	0.998829	0.00123093
0	0.687318	0.31313
0	0.59887	0.402114
0	0.998454	0.00158955
1	0.333364	0.666816
1	0.0872369	0.920145
0	0.803248	0.196973
1	0.0649052	0.935834
1	0.000334872	0.9997
1	0.219642	0.780418
1	0.200211	0.799747
1	0.264917	0.735326
0	0.631321	0.368207
0	0.743726	0.255384
0	0.648484	0.352644
0	0.794776	0.204211
1	0.351719	0.649757
0	0.998098	0.00197115
0	0.777177	0.223022
1	0.236264	0.763784
1	0.152815	0.846627
1	0.372266	0.627253
1	0.378622	0.619317
1	0.337493	0.662189
1	0.348404	0.652863
0	0.752169	0.249839
1	0.241008	0.76499
0	0.588494	0.412496
1	0.0227158	0.978296
0	0.599733	0.400669
1	5.04647e-06	0.999996
0	0.998368	0.00168366
0	0.798607	0.20396
1	0.291704	0.708565
1	0.416491	0.574074
1	0.18301	0.817031
1	0.370589	0.629603
0	0.724831	0.276298
0	0.717004	0.283589
1	0.416088	0.585028
0	0.998082	0.00197217
0	0.614486	0.38758
0	0.702881	0.300116
1	0.117906	0.884241
0	0.659716	0.340848
0	0.736594	0.261033
1	0.490242	0.505967
0	0.995991	0.00412172
0	0.54993	0.450563
1	0.340702	0.659509
0	0.580478	0.420353
0	0.930944	0.068135
1	0.000529045	0.999514
1	2.96885e-05	0.999974
0	0.997755	0.00229489
1	0.431084	0.568802
1	0.198701	0.80037
0	0.998473	0.00157832
0	0.999736	0.00027801
1	0.00104598	0.999052
0	0.99781	0.00224072
1	0.419444	0.5735
0	0.502516	0.497816
0	0.730908	0.270165
1	0.0715505	0.928763
0	0.689342	0.310735
0	0.620288	0.379978
1	0.00537735	0.994883
0	0.623261	0.379154
0	0.746494	0.254516
0	0.553366	0.447201
1	0.293062	0.707286
1	0.0423198	0.958834
1	0.346721	0.653142
1	0.320295	0.679207
0	0.997542	0.00250304
0	0.813222	0.187187
0	0.528913	0.471849
0	0.669411	0.331215
1	0.386275	0.61395
0	0.993674	0.00652647
0	0.759942	0.24092
1	0.0262963	0.974541
0	0.713133	0.28969
0	0.999129	0.000898704
1	0.346157	0.653651
1	0.0929172	0.906365
1	0.00657967	0.993778
1	0.0290871	0.972623
1	0.250741	0.749291
0	0.503892	0.496201
1	0.476035	0.523977
1	0.234322	0.763288
0	0.835432	0.165058
0	0.805665	0.195448
0	0.997606	0.00249451
0	0.998887	0.00115399
0	0.655988	0.344623
0	0.684395	0.316782
1	0.397408	0.597012
0	0.770837	0.230072
1	0.329854	0.668209
1	0.493137	0.507082
1	0.275747	0.724297
1	3.70314e-06	0.999997
0	0.999533	0.000484635
1	0.366646	0.63293
0	0.555665	0.44533
0	0.787458	0.213805
0	0.998052	0.00200432
0	0.789867	0.210714
1	0.0191279	0.981225
1	0.281643	0.717681
0	0.726089	0.27283
1	2.18036e-06	0.999998
0	0.996626	0.00349031
0	0.627781	0.372012
1	0.219979	0.78192
0	0.760885	0.240276
0	0.85962	0.137546
0	0.731558	0.269948
0	0.542795	0.457928
0	0.506872	0.49466
0	0.997943	0.00213588
1	0.0203293	0.980009
0	0.682156	0.318448
0	0.836901	0.164131
0	0.998884	0.00114121
1	0.139046	0.862471
1	0.279657	0.720309
0	0.647902	0.352667
1	0.490669	0.509549
1	0.0675776	0.933307
1	0.424198	0.576615
0	0.744839	0.256182
0	0.998111	0.00193969
1	0.204663	0.794605
1	0.429051	0.571273
1	0.310389	0.688807
1	0.146554	0.852145
0	0.953023	0.0459471
0	0.792435	0.205052
0	0.998793	0.00125188
0	0.708377	0.292645
1	0.419803	0.580053
1	0.274623	0.725474
0	0.60085	0.400002
0	0.600015	0.4005
1	0.328602	0.671258
0	0.997	0.00308296
0	0.998816	0.00121457
0	0.594074	0.407324
1	0.350889	0.650155
0	0.73217	0.270727
1	0.23412	0.762773
0	0.571826	0.428463
1	0.19901	0.8003
0	0.779082	0.222227
0	0.999636	0.00038014
1	0.25775	0.741581
1	3.43707e-05	0.99997
0	0.963289	0.0365909
0	0.695066	0.305747
0	0.997387	0.0027399
0	0.996132	0.00400069
1	0.463961	0.537013
0	0.779257	0.221378
0	0.642341	0.355712
0	0.537522	0.457182
0	0.604298	0.398047
1	0.432414	0.568388
0	0.998011	0.00207295
0	0.997787	0.00225405
1	0.265016	0.735247
1	0.332008	0.669425
0	0.745787	0.255154
0	0.609587	0.391244
1	0.00798848	0.992377
1	0.494179	0.505896
0	0.639918	0.361132
1	0.488295	0.512022
0	0.656654	0.344675
1	0.255313	0.744928
1	0.125268	0.873839
0	0.999326	0.000704137
0	0.823538	0.177534
0	0.585663	0.415709
0	0.780048	0.221597
1	0.241956	0.756
0	0.756419	0.246794
0	0.891034	0.108203
1	0.232536	0.76744
1	0.453263	0.540869
0	0.556764	0.438179
0	0.73307	0.267448
1	0.339776	0.660449
0	0.587673	0.412618
0	0.6841	0.316909
1	0.301265	0.698936
0	0.990387	0.00959611
0	0.997076	0.00304058
1	0.374673	0.62699
1	0.358587	0.641389
1	0.273835	0.723863
0	0.858397	0.142267
0	0.85849	0.141216
0	0.726912	0.271509
0	0.652705	0.349848
0	0.824963	0.177045
1	0.428934	0.572096
1	0.000383402	0.999658
1	0.113093	0.887491
0	0.512002	0.489597
0	0.612211	0.389358
1	0.151748	0.848313
0	0.729453	0.271782
0	0.555001	0.445325
1	0.249774	0.750778
0	0.715677	0.285437
0	0.723115	0.277546
0	0.779528	0.220177
1	0.348251	0.653348
0	0.721481	0.278983
0	0.694907	0.305713
0	0.59765	0.403592
1	0.215386	0.784615
0	0.603666	0.396749
1	0.297932	0.700694
1	0.433218	0.567006
1	0.179875	0.81969
0	0.998903	0.00114886
0	0.996345	0.00374619
0	0.511855	0.488368
0	0.998513	0.00154312
1	0.297364	0.703057
0	0.76625	0.234789
0	0.927634	0.073208
1	0.434399	0.565518
0	0.704867	0.294615
1	0.0418708	0.959655
0	0.75014	0.25158
0	0.827517	0.172785
0	0.561159	0.43989
1	0.0469527	0.954265
1	0.25692	0.743372
0	0.997912	0.00217605
0	0.987502	0.0128566
0	0.525747	0.474391
0	0.74109	0.260639
0	0.575361	0.425816
1	0.240267	0.759104
1	6.86915e-06	0.999994
1	0.143611	0.857133
0	0.998991	0.001036
0	0.982583	0.0175172
1	0.290384	0.709377
0	0.778948	0.221454
0	0.851107	0.148718
0	0.889229	0.108837
0	0.733704	0.266581
0	0.66626	0.333964
1	0.371181	0.625534
0	0.987151	0.0130684
1	0.172552	0.825904
0	0.616704	0.385133
0	0.997469	0.00259314
1	0.170001	0.83105
0	0.794559	0.20634
1	0.28939	0.710634
1	0.00329838	0.99692
0	0.565159	0.434975
0	0.786094	0.214819
1	0.0968226	0.904154
0	0.816841	0.183976
0	0.615168	0.386218
0	0.803189	0.197652
0	0.99921	0.000831407
0	0.99908	0.000952083
0	0.879297	0.120658
1	0.454113	0.545
0	0.602841	0.399559
0	0.633596	0.36567
0	0.549476	0.444801
1	0.00702599	0.993168
0	0.640253	0.360665
0	0.788115	0.211453
0	0.741096	0.259539
0	0.987669	0.012729
1	0.420164	0.58002
0	0.536978	0.464257
1	0.427747	0.572308
0	0.772255	0.228138
0	0.546539	0.454535
0	0.989984	0.0103063
0	0.652055	0.350617
1	0.491075	0.509012
0	0.686296	0.315216
1	0.425935	0.574241
0	0.973042	0.0271761
1	0.231762	0.768372
0	0.580241	0.41454
0	0.676346	0.324286
0	0.579187	0.423396
1	0.344967	0.653763
0	0.983042	0.017248
1	0.350456	0.651736
0	0.70458	0.296033
0	0.588775	0.411887
1	0.0143031	0.986437
0	0.639056	0.362356
0	0.585672	0.414733
1	0.165923	0.83408
0	0.74549	0.255373
0	0.514616	0.48543
0	0.959554	0.040879
0	0.660481	0.33993
1	0.173508	0.825721
0	0.72288	0.277216
1	0.151642	0.847685
1	0.0312969	0.969443
1	0.260058	0.739428
1	0.0132094	0.987095
0	0.782477	0.218398
0	0.989769	0.0104119
1	0.38584	0.615806
0	0.544285	0.456352
0	0.610756	0.390278
1	0.112595	0.887941
0	0.624731	0.375138
0	0.999336	0.00068959
0	0.722193	0.279648
1	0.227253	0.77509
1	0.331521	0.681597
1	0.282758	0.71776
1	0.166331	0.832581
0	0.996625	0.00344665
0	0.999261	0.00076538
0	0.994754	0.00545607
0	0.998534	0.00151317
1	0.33208	0.66103
0	0.77453	0.225916
1	0.0121666	0.98827
1	0.460427	0.539435
0	0.664886	0.334906
0	0.802305	0.198063
0	0.633074	0.368566
0	0.776674	0.224088
1	0.431111	0.568533
0	0.811991	0.189284
0	0.997809	0.00225688
0	0.532476	0.468373
0	0.660884	0.341341
0	0.659362	0.343511
1	0.271398	0.728877
0	0.640178	0.360555
0	0.998082	0.00200566
0	0.544974	0.457278
0	0.800923	0.199811
0	0.99797	0.00209717
0	0.878935	0.120143
0	0.574648	0.425943
0	0.999083	0.000941974
1	0.30272	0.697152
1	0.0637482	0.937035
0	0.987384	0.0126535
1	0.248244	0.749444
0	0.504907	0.49518
0	0.878347	0.122353
0	0.543404	0.456647
1	0.0122851	0.987651
0	0.999449	0.000583344
0	0.993653	0.00647585
1	0.422546	0.576521
0	0.548728	0.451973
0	0.510682	0.490509
1	0.207847	0.793599
0	0.593273	0.409274
1	0.205346	0.794632
0	0.517025	0.483415
0	0.70624	0.294811
0	0.552246	0.448945
0	0.602275	0.399267
0	0.997644	0.00242856
1	0.46839	0.53165
1	0.345274	0.654457
1	0.00616326	0.994023
0	0.928511	0.0698671
1	0.00959677	0.990751
1	0.373428	0.625879
0	0.99909	0.000936857
0	0.625656	0.376434
0	0.744922	0.255234
0	0.998091	0.0019539
1	0.224516	0.775613
1	0.0166918	0.983646
1	5.27467e-06	0.999996
1	0.0346543	0.967206
1	0.42433	0.569734
1	0.0995708	0.899645
1	0.433105	0.566813
0	0.784851	0.216053
1	0.21506	0.780925
0	0.717035	0.28494
1	0.266413	0.733705
0	0.597979	0.403538
0	0.999611	0.000399312
1	0.340963	0.6598
0	0.838842	0.159851
0	0.994396	0.00567903
0	0.615348	0.386377
1	0.287533	0.710207
0	0.787076	0.213278
0	0.67505	0.32569
0	0.998241	0.00180438
0	0.54594	0.455113
1	0.00604121	0.994312
1	0.330316	0.669636
0	0.523004	0.477101
0	0.611657	0.389332
0	0.786755	0.215709
1	0.298099	0.702196
0	0.790262	0.207849
0	0.998152	0.00189307
0	0.683256	0.317717
0	0.996538	0.00355724
1	0.362653	0.637615
0	0.755929	0.246756
0	0.88107	0.118285
0	0.650198	0.349479
1	0.300641	0.699295
0	0.829388	0.171097
1	0.26589	0.734094
1	2.57761e-05	0.999978
0	0.72357	0.275453
0	0.874481	0.125448
0	0.540986	0.459252
1	0.356817	0.643521
0	0.85086	0.149781
1	0.357212	0.633904
0	0.747991	0.254629
1	0.328706	0.673019
1	0.253042	0.746115
1	0.327666	0.672348
0	0.994094	0.00601596
0	0.99962	0.000396497
1	0.375208	0.625878
0	0.99948	0.000538842
1	0.440084	0.550391
0	0.894117	0.106623
1	0.493779	0.506404
0	0.655241	0.345208
0	0.639982	0.360914
0	0.773444	0.228054
1	0.477775	0.522829
1	0.341676	0.659525
0	0.813014	0.187787
0	0.669053	0.331842
1	0.00572208	0.994604
0	0.986896	0.0133236
0	0.602841	0.397166
1	0.000484623	0.999549
1	0.28623	0.713897
0	0.998511	0.00154426
1	0.219958	0.778772
1	6.29969e-05	0.999943
0	0.517279	0.482792
1	0.467105	0.530483
0	0.711863	0.289357
1	0.186154	0.812369
0	0.697548	0.303288
1	0.148944	0.847929
1	8.48123e-06	0.999993
0	0.998623	0.0014148
1	0.00333469	0.996929
1	0.313581	0.686402
0	0.870994	0.128245
0	0.626136	0.37462
0	0.694342	0.306509
0	0.816601	0.184558
0	0.99669	0.00343645
1	0.234274	0.765287
1	0.125419	0.875417
1	0.344215	0.655883
0	0.607252	0.394353
0	0.998316	0.0017564
0	0.627845	0.373223
0	0.782374	0.218938
0	0.618629	0.381262
1	0.485271	0.514953
0	0.983194	0.0170412
0	0.998457	0.00160432
0	0.9995	0.000523881
1	0.060061	0.939891
0	0.814008	0.188452
0	0.723303	0.276986
0	0.763637	0.236975
0	0.997876	0.00219243
0	0.909199	0.0892447
0	0.624736	0.375724
1	0.30024	0.698652
0	0.989368	0.0107663
1	0.326112	0.675654
0	0.820155	0.180628
0	0.765082	0.236184
1	0.344823	0.653409
0	0.796612	0.203739
1	0.334027	0.66238
1	0.00313552	0.996954
0	0.533633	0.46686
1	0.189066	0.811182
1	0.314135	0.686056
1	0.47205	0.528321
1	0.270514	0.728823
1	0.0247425	0.977039
1	0.259048	0.741003
0	0.99723	0.00288166
1	0.443351	0.556643
0	0.990772	0.00945049
1	0.00143976	0.99867
0	0.615849	0.385308
0	0.710602	0.290581
0	0.994996	0.00509338
0	0.991419	0.0087782
0	0.866777	0.131
0	0.995722	0.00434227
1	0.294802	0.705572
1	0.408711	0.591258
0	0.705882	0.294949
1	0.313546	0.68188
0	0.701294	0.300228
0	0.865593	0.135146
1	0.0936647	0.907436
0	0.597272	0.401725
1	0.282585	0.717396
1	0.211343	0.788741
0	0.59104	0.409067
0	0.867062	0.13367
0	0.995853	0.0041394
1	0.267111	0.732879
0	0.731912	0.26851
0	0.769318	0.227371
1	0.381813	0.618519
0	0.857217	0.142943
0	0.585303	0.415076
1	0.0364888	0.962599
1	0.272076	0.727628
0	0.728961	0.271284
0	0.995545	0.00451486
1	0.452692	0.548708
1	0.0207313	0.979543
1	0.439833	0.563019
0	0.640035	0.360923
0	0.758479	0.239649
0	0.777557	0.223526
0	0.748997	0.252538
0	0.706609	0.293056
1	0.25714	0.740758
0	0.592325	0.409251
0	0.999719	0.000297606
1	0.143562	0.855422
0	0.545934	0.4553
0	0.50916	0.491611
0	0.677343	0.323218
0	0.997655	0.00242862
0	0.997979	0.00208418
1	0.461467	0.539376
0	0.999002	0.00103389
0	0.997363	0.00269659
1	0.251192	0.749594
1	0.0485369	0.952832
0	0.698399	0.302082
0	0.730307	0.269992
0	0.913628	0.0849829
1	0.266923	0.731886
0	0.623249	0.379586
0	0.997933	0.00215306
0	0.585488	0.415367
1	0.273494	0.726969
0	0.694982	0.307229
0	0.998295	0.00175228
0	0.592452	0.408613
1	0.00969514	0.990902
0	0.787593	0.213103
1	0.295156	0.704189
0	0.929222	0.0709936
1	0.452183	0.548461
0	0.622884	0.378197
0	0.678701	0.322602
0	0.886919	0.11232
0	0.838342	0.163155
1	0.110724	0.888968
0	0.750074	0.251298
0	0.615037	0.385452
1	7.50773e-05	0.999935
0	0.642277	0.358501
1	0.223724	0.776286
0	0.999566	0.000457955
1	0.374443	0.625347
1	0.478088	0.522183
0	0.608791	0.392303
0	0.9985	0.00154267
0	0.570669	0.430146
1	0.464003	0.537728
0	0.962879	0.0359777
1	0.280442	0.716037
0	0.594443	0.405572
1	0.275841	0.721729
1	0.230523	0.769754
0	0.514413	0.48593
1	0.149152	0.849767
1	0.488305	0.511623
0	0.998185	0.00187586
0	0.997142	0.00292976
0	0.998382	0.00168348
0	0.998678	0.00136583
1	0.419016	0.581247
0	0.569847	0.430833
1	6.25101e-05	0.999946
0	0.932975	0.0661014
0	0.558581	0.441644
0	0.998414	0.00163856
0	0.507061	0.493578
1	0.0170925	0.983615
1	0.0682003	0.932006
0	0.754903	0.246676
1	0.390789	0.608407
1	0.299421	0.701111
1	0.138429	0.860293
0	0.990463	0.00995847
0	0.997245	0.00284389
0	0.613424	0.388673
0	0.99728	0.00274759
1	1.34339e-05	0.999988
0	0.507469	0.492774
0	0.818523	0.1821
1	0.419379	0.579039
0	0.706909	0.293462
0	0.999175	0.000857011
1	0.0209925	0.979701
0	0.774388	0.22649
0	0.774853	0.225509
0	0.974302	0.0259977
0	0.786139	0.215713
0	0.668765	0.333699
0	0.607357	0.392972
1	0.0838666	0.917227
0	0.557909	0.444394
1	0.120183	0.881245
0	0.998892	0.00115391
1	4.18178e-06	0.999996
1	0.460445	0.539689
1	0.184928	0.81505
1	0.270508	0.729946
0	0.734035	0.266992
0	0.696935	0.305449
1	0.45674	0.544075
1	0.0888608	0.910751
0	0.751225	0.248909
0	0.774764	0.22617
0	0.997148	0.00296965
0	0.710112	0.288476
0	0.985588	0.014749
1	0.122802	0.878689
1	0.0168294	0.983902
0	0.706139	0.294717
1	0.494526	0.505524
0	0.996996	0.00309027
0	0.995515	0.00460741
1	0.415941	0.582259
1	0.432929	0.557864
1	0.282385	0.717206
0	0.683165	0.317374
1	0.298442	0.697037
0	0.816429	0.18665
0	0.998486	0.00157243
1	0.490667	0.50898
0	0.742714	0.258867
1	0.0115403	0.98911
0	0.701148	0.301091
0	0.782232	0.218504
0	0.533133	0.467548
0	0.763307	0.237775
0	0.711336	0.290548
1	0.000162299	0.999861
0	0.809661	0.191324
0	0.749629	0.253732
0	0.995987	0.00407453
0	0.999568	0.000451684
0	0.996247	0.00383653
1	0.385386	0.613973
0	0.54698	0.453349
0	0.530769	0.469237
1	0.37832	0.62373
0	0.999691	0.000323218
0	0.755388	0.247526
0	0.71039	0.292217
0	0.993014	0.00719432
1	0.000137822	0.999879
0	0.705671	0.295781
0	0.955577	0.0437527
0	0.934897	0.0659286
0	0.848516	0.15166
1	0.338172	0.661694
0	0.998986	0.00104504
1	0.00675386	0.993561
0	0.597638	0.402935
0	0.996508	0.00360383
1	0.000855869	0.999205
0	0.953738	0.0453373
0	0.829745	0.170969
0	0.99688	0.00323369
0	0.697535	0.303067
1	0.348567	0.651417
1	0.0418636	0.959106
0	0.60382	0.396256
1	0.103073	0.896296
0	0.803464	0.197128
0	0.728153	0.273244
0	0.96236	0.0379992
1	0.235564	0.764445
0	0.704161	0.297798
1	0.287147	0.712957
1	0.315688	0.684317
1	6.80093e-06	0.999994
1	0.0190879	0.980772
0	0.873764	0.126862
0	0.568606	0.431478
0	0.765628	0.236041
0	0.870933	0.126155
0	0.98033	0.0206025
1	0.473666	0.527149
1	0.346024	0.653657
0	0.554082	0.446825
0	0.995993	0.00413245
1	0.0372351	0.962517
0	0.700571	0.299803
0	0.780796	0.221711
1	0.305479	0.693869
0	0.803953	0.194195
0	0.99714	0.00292003
0	0.526806	0.474977
0	0.590441	0.41
1	0.494923	0.505844
1	0.271526	0.727741
0	0.520585	0.479532
0	0.768167	0.23284
0	0.700112	0.300632
0	0.623501	0.377194
0	0.601762	0.400353
0	0.576648	0.424454
1	0.458435	0.541107
1	0.418901	0.579053
1	0.414872	0.585819
1	0.000241489	0.999785
0	0.868815	0.132072
1	0.491684	0.508312
1	0.174332	0.825713
0	0.986492	0.0137433
0	0.998817	0.00124757
1	0.296182	0.703806
1	0.291997	0.708655
0	0.999033	0.00101676
1	0.256626	0.743401
0	0.671018	0.329181
0	0.506692	0.492605
1	0.187118	0.812268
1	0.209101	0.793449
1	0.242988	0.75719
0	0.715431	0.285168
0	0.998509	0.0015492
0	0.829085	0.173368
0	0.575186	0.426199
1	0.000278955	0.999746
1	0.000146593	0.999869
0	0.849199	0.149185
1	0.323777	0.676924
0	0.994709	0.00549734
1	0.478499	0.521074
0	0.793982	0.206613
1	0.4853	0.514671
0	0.722804	0.27881
0	0.883821	0.115593
0	0.522127	0.47835
1	0.267936	0.731996
1	0.470132	0.53037
0	0.544468	0.457193
0	0.791262	0.209505
1	0.0738659	0.926065
1	0.000224486	0.999782
1	0.302003	0.697404
0	0.640445	0.36018
0	0.816793	0.183645
0	0.996905	0.00315817
0	0.668643	0.331747
1	0.0872567	0.916802
0	0.770771	0.232586
1	0.167635	0.833764
1	0.211706	0.787643
1	0.0901284	0.909253
0	0.828989	0.171985
1	0.269828	0.730135
0	0.773715	0.227118
1	0.335354	0.665081
0	0.758555	0.242407
1	0.000145495	0.999869
0	0.995082	0.00504494
0	0.665316	0.335473
1	0.232347	0.766071
0	0.871457	0.129036
0	0.797619	0.204989
1	0.498091	0.501751
1	0.337721	0.659853
0	0.810177	0.188192
1	0.281632	0.718133
1	0.356355	0.640772
0	0.583118	0.418606
0	0.637495	0.364505
0	0.939186	0.0593291
1	0.468535	0.531993
0	0.697495	0.303007
0	0.517239	0.482475
0	0.761485	0.241833
1	0.281907	0.719119
0	0.642662	0.359685
0	0.999629	0.000389925
1	0.448548	0.552533
0	0.997394	0.00267803
0	0.712736	0.287846
0	0.997255	0.00280133
1	0.0891403	0.910554
0	0.557335	0.439709
1	0.000580523	0.999468
0	0.995159	0.00490637
0	0.997288	0.00276741
0	0.99633	0.00380479
1	0.449294	0.549624
1	0.0451524	0.955732
1	0.259998	0.74
1	0.00434925	0.995883
0	0.577662	0.423342
0	0.785058	0.215424
0	0.512458	0.488858
1	0.00491559	0.995389
0	0.78112	0.21841
0	0.54251	0.458602
0	0.727148	0.274014
0	0.769759	0.230298
1	0.221217	0.777872
1	2.43031e-05	0.999979
0	0.99854	0.0014992
0	0.763159	0.237159
1	0.00176889	0.998361
1	9.04757e-07	0.999999
1	0.305773	0.692992
0	0.6882	0.31214
0	0.804464	0.19754
0	0.670543	0.32988
0	0.579227	0.420935
0	0.616952	0.383112
0	0.807136	0.193649
0	0.723272	0.278017
1	0.445937	0.556589
1	0.000285565	0.999735
1	0.0295101	0.971177
0	0.611411	0.388851
0	0.858961	0.144221
0	0.996771	0.00335338
0	0.998986	0.00104144
1	0.21736	0.782602
0	0.658695	0.336319
0	0.994061	0.00607018
1	0.114721	0.885459
0	0.998998	0.00102921
0	0.999521	0.000505276
1	0.0069221	0.993208
1	0.227865	0.769765
0	0.983504	0.0166817
1	0.00350822	0.996637
0	0.510409	0.48979
0	0.999033	0.00101238
0	0.862567	0.137392
1	0.220043	0.779657
1	0.300584	0.703079
0	0.736191	0.264575
1	0.287903	0.710888
0	0.610204	0.388202
1	1.16344e-05	0.99999
0	0.998139	0.0019109
1	0.339942	0.660026
0	0.553742	0.449483
1	0.0028549	0.99726
0	0.698514	0.302871
1	0.493715	0.508509
1	0.481356	0.518771
0	0.579112	0.423536
1	0.187128	0.81373
0	0.970275	0.0295869
0	0.611721	0.38306
0	0.887925	0.109377
0	0.997196	0.00288444
1	0.312721	0.687365
1	0.347813	0.651408
1	0.10201	0.897254
1	0.459531	0.541078
0	0.997177	0.00289947
0	0.995823	0.00435875
1	0.239541	0.759997
1	0.132865	0.868539
0	0.803736	0.198647
0	0.84706	0.149819
1	0.029561	0.971474
0	0.775488	0.225079
0	0.785246	0.215584
1	0.22807	0.771006
0	0.771945	0.228008
0	0.758864	0.240955
1	0.404376	0.595818
0	0.993221	0.00683879
1	0.282539	0.71617
0	0.695947	0.305031
0	0.679047	0.321917
1	0.33905	0.660868
0	0.991242	0.00895629
1	0.162184	0.840984
0	0.994942	0.00520692
0	0.998213	0.00184952
1	0.371895	0.624525
0	0.996935	0.00315467
1	0.288286	0.710943
1	0.240011	0.759991
0	0.864759	0.135952
0	0.787174	0.214062
0	0.996853	0.00323277
1	0.108921	0.890173
0	0.753379	0.247507
0	0.53676	0.46283
0	0.607109	0.393724
0	0.878513	0.119716
0	0.73947	0.2619
0	0.994886	0.00522379
1	0.294861	0.705043
1	0.00114882	0.998934
0	0.853549	0.145587
1	0.00467453	0.995569
1	0.101466	0.898635
0	0.556789	0.443345
1	0.241916	0.756177
0	0.821858	0.178789
1	0.00865375	0.991635
0	0.712396	0.288462
0	0.519943	0.480227
0	0.998252	0.00179587
1	0.00652197	0.993639
0	0.58505	0.417111
0	0.757788	0.244182
0	0.685638	0.315043
0	0.72916	0.27213
0	0.542047	0.457845
0	0.719132	0.281418
0	0.751511	0.250319
0	0.993314	0.00667585
0	0.70039	0.301361
0	0.713948	0.286536
1	0.0197362	0.980791
1	0.379715	0.61907
1	0.0164247	0.983878
0	0.575106	0.425569
0	0.99521	0.00492993
0	0.60092	0.399917
0	0.644745	0.356144
1	0.129046	0.869642
0	0.835382	0.162879
0	0.73598	0.264734
0	0.540603	0.460493
1	0.11699	0.886148
1	1.92667e-05	0.999984
0	0.999316	0.000708351
1	0.397672	0.603296
0	0.811633	0.189236
0	0.864186	0.134667
1	1.22907e-05	0.999989
0	0.989743	0.010483
0	0.998303	0.00175225
0	0.758528	0.242116
0	0.643531	0.35821
1	0.310507	0.69011
1	0.485579	0.515188
0	0.992301	0.00801531
0	0.552037	0.448447
1	0.327241	0.672792
0	0.51521	0.484934
1	5.22115e-06	0.999996
1	0.274679	0.724476
1	0.188299	0.809286
1	0.244007	0.7553
1	0.195451	0.803263
0	0.647301	0.354256
1	1.83389e-05	0.999984
0	0.732606	0.26992
0	0.719582	0.279756
1	0.161034	0.840342
0	0.977721	0.0224622
1	0.0975279	0.903292
0	0.797921	0.202954
1	0.21313	0.786935
1	0.0204667	0.98028
1	0.197564	0.80235
0	0.826686	0.174362
0	0.967931	0.0310638
0	0.65361	0.347021
0	0.979548	0.0206217
0	0.783343	0.217609
0	0.553018	0.447805
0	0.812227	0.188493
0	0.529197	0.473569
1	0.210143	0.789417
1	0.272996	0.727159
1	0.0610703	0.939929
1	0.0847769	0.918621
0	0.77911	0.222033
1	0.222057	0.777448
0	0.916784	0.0830909
1	0.056406	0.944327
1	0.401314	0.594142
1	6.87224e-05	0.999938
0	0.712295	0.290495
1	0.24319	0.759169
1	0.449298	0.550913
1	0.141872	0.85615
0	0.8927	0.104805
1	0.235169	0.764901
0	0.922121	0.0761988
0	0.99914	0.000907393
0	0.888117	0.110766
0	0.681068	0.322213
1	0.347835	0.653168
1	0.0134748	0.986975
1	0.119684	0.879179
0	0.645571	0.35526
0	0.544835	0.457018
0	0.999104	0.000933646
1	0.325706	0.674973
1	0.321075	0.679118
0	0.714303	0.288202
0	0.827549	0.173325
1	0.10132	0.898275
1	0.00239991	0.997712
1	0.380609	0.620352
0	0.972521	0.028217
1	0.126332	0.873276
1	0.256651	0.743599
1	0.00360459	0.99668
0	0.793956	0.206479
1	0.0289879	0.972287
1	0.012607	0.987958
0	0.784001	0.216914
1	4.42182e-06	0.999996
1	0.00863652	0.991871
0	0.514191	0.485977
1	5.86689e-07	1.0
0	0.572888	0.428191
0	0.703131	0.299675
0	0.841656	0.158522
1	0.131067	0.871462
0	0.993117	0.00706555
0	0.766972	0.233353
0	0.916827	0.082302
1	0.28739	0.712751
1	0.175215	0.824864
0	0.731123	0.269568
0	0.522121	0.477419
0	0.997773	0.00231176
1	0.245157	0.748546
0	0.999411	0.00061571
0	0.857373	0.142863
0	0.834707	0.166081
0	0.658934	0.3418
1	0.383582	0.616625
0	0.761328	0.23928
1	0.318713	0.681794
0	0.704054	0.29264
0	0.63755	0.35945
0	0.82104	0.180909
1	0.277334	0.722096
1	1.17498e-05	0.99999
1	0.226615	0.771673
1	0.389179	0.611083
1	4.14442e-05	0.999963
0	0.55393	0.446754
1	0.366827	0.633984
0	0.962799	0.0373675
1	0.0136148	0.986728
0	0.999568	0.000454119
0	0.998459	0.00160197
0	0.656571	0.345121
0	0.993929	0.00628
0	0.892268	0.108187
0	0.797365	0.204012
1	3.80391e-06	0.999996
0	0.642286	0.358426
0	0.514052	0.487571
0	0.544448	0.457626
0	0.998217	0.00185921
0	0.581557	0.419118
0	0.959076	0.0401206
1	0.123924	0.875241
0	0.621027	0.37972
1	0.0107436	0.98953
1	0.422089	0.577289
1	0.163763	0.836909
0	0.784911	0.215916
1	0.117324	0.88523
0	0.999069	0.000965018
0	0.999486	0.00053874
1	0.167489	0.831833
0	0.51887	0.48207
0	0.615898	0.385581
1	0.0326622	0.967703
0	0.830301	0.16782
0	0.763763	0.236829
1	0.184898	0.813462
1	0.140608	0.859831
1	0.336635	0.663207
0	0.684893	0.315603
1	0.31385	0.687947
0	0.726792	0.271961
1	0.362935	0.637636
1	0.110794	0.889788
1	0.360798	0.640691
0	0.790784	0.210205
1	0.384973	0.616675
0	0.794387	0.204338
0	0.984717	0.0153409
1	0.15254	0.846835
1	0.147392	0.852448
1	0.426242	0.573173
1	0.0523287	0.948368
0	0.620548	0.380102
1	0.205123	0.79388
1	0.314478	0.686284
1	0.474441	0.525999
1	7.91085e-05	0.999931
0	0.773406	0.227445
0	0.999562	0.000462102
0	0.998966	0.00107546
0	0.522533	0.47754
0	0.752395	0.248345
0	0.523266	0.477307
0	0.818096	0.182189
1	9.4286e-05	0.999917
1	0.219647	0.780455
0	0.549919	0.450326
0	0.867979	0.134592
0	0.998991	0.00105213
0	0.783254	0.216014
0	0.550634	0.449634
1	0.229772	0.768375
0	0.999181	0.000856438
0	0.995019	0.00502294
1	0.317006	0.683561
1	0.0279684	0.972301
1	0.00170776	0.998422
0	0.957239	0.0434391
0	0.771115	0.231776
0	0.776326	0.224587
0	0.737912	0.262413
0	0.576725	0.425591
0	0.995633	0.00452558
0	0.749274	0.251335
0	0.982386	0.017519
1	4.88833e-06	0.999996
0	0.717955	0.283024
1	0.415327	0.582589
0	0.763874	0.236911
1	6.97114e-05	0.999938
0	0.834704	0.165942
1	0.464988	0.53516
0	0.543586	0.456732
0	0.75126	0.24959
1	0.33129	0.668696
0	0.995773	0.00430251
1	0.353509	0.64615
1	0.0203277	0.981304
0	0.677903	0.323201
0	0.99962	0.000404126
1	0.0650071	0.935855
0	0.706179	0.295322
1	0.297311	0.703786
1	0.000442169	0.999601
1	0.236691	0.762174
1	3.43825e-05	0.999971
1	0.353109	0.648304
1	0.428949	0.567914
0	0.689525	0.311317
0	0.514907	0.484816
1	0.291285	0.70948
1	0.0396312	0.961048
0	0.999038	0.000991291
0	0.817248	0.182124
0	0.95685	0.0423898
1	0.396301	0.600674
0	0.961445	0.0389449
0	0.673541	0.326249
0	0.998594	0.00146135
1	0.228465	0.769472
0	0.998788	0.00123427
0	0.745886	0.255649
0	0.999355	0.000671549
0	0.684022	0.317887
0	0.944234	0.0553987
0	0.625572	0.375733
1	0.298921	0.702575
0	0.607463	0.394224
0	0.993304	0.00676682
0	0.996916	0.00314435
1	0.0350441	0.967266
0	0.797706	0.203275
1	0.372538	0.628019
1	0.115194	0.883836
1	0.108483	0.891281
1	0.283345	0.717326
1	0.485918	0.515091
0	0.75129	0.248998
1	0.470542	0.528865
1	0.00515038	0.99522
1	0.243558	0.753643
0	0.533184	0.467125
0	0.775131	0.225603
0	0.608059	0.392795
1	0.1552	0.843573
0	0.752067	0.249376
0	0.986739	0.0135169
1	0.261579	0.737805
1	0.0415868	0.957926
0	0.998328	0.00175969
1	0.240533	0.75853
0	0.998999	0.00102956
0	0.586841	0.414071
1	0.387307	0.613015
1	0.0289717	0.971898
0	0.538964	0.459766
1	0.00138637	0.99869
0	0.981071	0.019371
0	0.789333	0.211646
1	0.00259219	0.997536
0	0.978416	0.021913
0	0.994867	0.00526607
0	0.733707	0.267236
0	0.804811	0.19573
0	0.678434	0.321907
1	0.244094	0.754995
1	0.347939	0.652874
1	0.264395	0.734842
0	0.615428	0.384988
1	0.198753	0.800081
0	0.993469	0.00658581
1	0.431704	0.568303
1	0.1807	0.818463
0	0.693092	0.307543
1	0.303014	0.697046
0	0.99786	0.00219517
1	0.00870714	0.991689
0	0.999111	0.000919876
0	0.989506	0.0107386
0	0.727236	0.273365
0	0.989662	0.0105336
0	0.999542	0.000483613
0	0.814942	0.187805
0	0.698745	0.302884
1	0.318391	0.681946
1	0.276233	0.725064
1	0.204503	0.794386
1	3.16626e-05	0.999972
1	0.00212012	0.998005
1	0.128375	0.871947
0	0.99846	0.00155756
0	0.992737	0.00745648
1	0.0123567	0.988252
0	0.760564	0.240284
0	0.501734	0.498614
0	0.997716	0.00233244
0	0.602997	0.398454
0	0.75625	0.244515
1	0.471091	0.531357
0	0.833322	0.169504
0	0.748002	0.253189
0	0.53108	0.468975
0	0.997564	0.00250446
0	0.793423	0.207418
0	0.992233	0.00795768
0	0.997589	0.00248656
1	0.350113	0.650934
0	0.521677	0.478548
1	0.0412455	0.959468
1	0.000545342	0.999502
1	0.414632	0.587618
1	0.177826	0.821798
0	0.995571	0.0044964
0	0.806669	0.19405
0	0.790537	0.210231
1	0.421174	0.579069
0	0.646547	0.354177
0	0.650328	0.350862
0	0.996792	0.00334761
1	0.338352	0.663229
0	0.99861	0.00142763
0	0.995854	0.00425568
1	0.318607	0.682063
1	0.301515	0.69861
0	0.933354	0.0649668
1	0.0529864	0.949979
1	0.346564	0.65395
0	0.846641	0.156371
0	0.596114	0.405993
0	0.53853	0.462361
1	0.00617392	0.994051
1	0.188637	0.807782
0	0.847368	0.15298
1	0.0756774	0.924431
0	0.520107	0.48072
1	0.424946	0.575244
0	0.728827	0.271137
1	0.498021	0.502833
0	0.995362	0.00480866
1	0.156722	0.840934
0	0.609665	0.392725
1	0.248461	0.750956
0	0.905203	0.0928876
1	0.392442	0.607938
0	0.95665	0.0423263
0	0.563529	0.436583
0	0.584009	0.413933
0	0.866583	0.134163
0	0.798912	0.203365
1	0.200435	0.799517
0	0.764607	0.238676
0	0.700269	0.300983
1	0.234545	0.765969
0	0.826817	0.170065
0	0.994947	0.00526371
1	0.173985	0.825409
0	0.729035	0.271992
0	0.53722	0.464552
0	0.998607	0.00142292
0	0.998701	0.0013481
0	0.701231	0.298498
1	0.210206	0.789885
0	0.572238	0.429223
0	0.694467	0.306237
0	0.715361	0.285582
1	0.485715	0.507522
1	0.29633	0.703609
0	0.999689	0.000324647
1	0.229252	0.771202
0	0.780222	0.221015
0	0.800433	0.201055
0	0.64751	0.353286
1	0.0001312	0.999886
0	0.999154	0.000878071
0	0.997499	0.00256356
0	0.631621	0.36869
0	0.731837	0.267461
0	0.813475	0.188004
1	0.0226943	0.977804
0	0.523272	0.480075
0	0.776756	0.225802
1	0.280002	0.718537
0	0.990772	0.0095375
1	0.339496	0.660293
1	0.135345	0.865016
0	0.551868	0.449115
1	0.304	0.695791
1	0.280972	0.719162
0	0.638245	0.362474
0	0.999472	0.000544843
1	0.00487618	0.995408
0	0.702375	0.298339
1	0.283054	0.718124
1	0.0880522	0.911068
1	0.476756	0.523492
0	0.777502	0.220261
0	0.999079	0.000969022
0	0.987402	0.0126698
1	0.460672	0.538999
1	0.107594	0.890813
0	0.766645	0.233584
0	0.851334	0.149285
0	0.763042	0.23731
0	0.784456	0.216663
1	0.205908	0.793446
1	0.00152678	0.998575
0	0.994618	0.0054402
1	0.0470047	0.954742
0	0.784981	0.215519
1	0.396756	0.602695
0	0.598564	0.401741
0	0.99862	0.00140049
0	0.77479	0.225983
0	0.909842	0.0906017
0	0.778076	0.223424
0	0.511648	0.489107
1	0.159078	0.840773
1	0.00542363	0.994869
0	0.993965	0.00611086
0	0.580284	0.420129
1	0.0438982	0.956248
0	0.995738	0.00438355
0	0.588252	0.41279
0	0.991813	0.00842968
0	0.630258	0.370425
0	0.612597	0.388017
1	0.0461135	0.954841
0	0.670186	0.330715
0	0.999173	0.000866773
1	0.262022	0.738046
0	0.780045	0.220862
1	0.443847	0.561
1	0.0146396	0.985721
0	0.913354	0.0874793
1	0.161734	0.837696
0	0.825406	0.177205
1	0.499134	0.50335
1	0.300597	0.699598
1	0.351989	0.647944
0	0.995952	0.00410339
0	0.673787	0.326914
0	0.790191	0.210824
1	0.238085	0.758654
0	0.723589	0.277467
0	0.788595	0.212104
0	0.567197	0.433114
0	0.99212	0.00802417
0	0.743055	0.257638
1	0.319298	0.68152
0	0.685111	0.314851
1	0.00353859	0.996796
0	0.553815	0.448725
0	0.789178	0.211741
1	0.226968	0.772948
0	0.999288	0.000751436
0	0.998971	0.00106127
1	0.238579	0.75865
0	0.886266	0.110121
0	0.859884	0.142315
1	0.1984	0.801011
0	0.999122	0.000922791
0	0.720683	0.280814
1	0.0397979	0.961549
0	0.808977	0.191449
0	0.803528	0.197501
0	0.525486	0.474793
0	0.681479	0.321199
0	0.838267	0.162815
0	0.790129	0.20739
0	0.590591	0.410441
0	0.779261	0.221152
1	0.286282	0.713526
0	0.998376	0.00164785
0	0.998387	0.00166259
0	0.99933	0.000702063
0	0.997277	0.00282888
1	0.108465	0.891983
1	0.223292	0.775595
1	0.115733	0.884866
0	0.701046	0.299824
0	0.832382	0.165102
0	0.616089	0.38434
1	0.325469	0.674476
1	0.224474	0.773275
0	0.618271	0.383658
0	0.99756	0.0025378
0	0.682963	0.316926
1	0.351214	0.649642
1	0.307098	0.691718
0	0.883344	0.117198
1	0.315139	0.684794
0	0.578429	0.422507
1	0.010237	0.989749
1	0.416975	0.584977
0	0.791373	0.209413
0	0.788412	0.212143
0	0.798101	0.202537
0	0.998244	0.00180772
0	0.544208	0.457467
1	0.060749	0.940421
0	0.780408	0.220436
1	0.314268	0.684752
1	0.0234875	0.977014
1	0.398856	0.60245
1	0.222264	0.777817
0	0.771973	0.228843
0	0.757395	0.242534
1	0.466787	0.533514
0	0.720716	0.279968
0	0.994939	0.00510398
0	0.787305	0.212582
0	0.998885	0.00116773
0	0.700648	0.301928
0	0.83781	0.162195
0	0.80926	0.190883
0	0.557926	0.442373
1	0.246476	0.754463
0	0.675988	0.325225
1	0.281406	0.718745
1	0.257775	0.742207
1	7.39885e-05	0.999935
0	0.641497	0.359208
1	0.275651	0.7225
0	0.645666	0.354705
0	0.999357	0.000677573
0	0.594332	0.407061
1	0.495549	0.49812
1	0.121837	0.88014
0	0.902144	0.0957728
0	0.998786	0.00126044
1	0.320919	0.677972
0	0.813627	0.186386
1	0.00226748	0.997886
0	0.8398	0.161012
0	0.72735	0.273438
0	0.727643	0.273831
0	0.673652	0.327613
1	0.250979	0.748602
0	0.872987	0.129632
1	0.277732	0.72156
0	0.659484	0.342496
1	0.186711	0.811916
1	0.261109	0.740624
0	0.962045	0.0368494
0	0.806147	0.195607
0	0.507894	0.492434
1	0.187588	0.813108
0	0.568383	0.433203
1	0.220881	0.779188
0	0.868111	0.129471
0	0.825299	0.1743
1	0.00832575	0.991893
0	0.613257	0.387461
0	0.596002	0.404832
1	0.125278	0.874896
0	0.582708	0.418422
1	8.81273e-05	0.999924
0	0.548199	0.453591
1	0.259392	0.740865
0	0.799231	0.201263
1	0.439315	0.561917
0	0.583021	0.418407
1	0.0702486	0.929069
0	0.764444	0.236437
0	0.997938	0.00214187
0	0.886869	0.11387
0	0.997839	0.00221558
0	0.862062	0.138404
0	0.712705	0.288375
1	0.400055	0.597837
0	0.811639	0.187645
0	0.999593	0.000424783
0	0.996059	0.00400565
0	0.992944	0.00718329
1	0.193691	0.805793
0	0.524876	0.475278
0	0.812026	0.188926
0	0.878711	0.119098
0	0.896743	0.102106
0	0.568539	0.432786
0	0.841261	0.159594
0	0.996181	0.0039272
1	0.278283	0.72167
1	0.358393	0.636739
0	0.998558	0.00149971
1	0.0015404	0.998556
1	0.136745	0.86316
0	0.756332	0.246455
1	0.0561752	0.944418
0	0.990569	0.00960997
0	0.996046	0.00404249
1	0.0853351	0.913983
0	0.998334	0.00173423
0	0.825163	0.176619
0	0.774224	0.226872
0	0.788498	0.213581
1	0.468641	0.532226
0	0.994063	0.0060155
0	0.540796	0.461194
1	0.239817	0.75951
0	0.861282	0.135066
0	0.624605	0.377023
0	0.655373	0.346336
1	0.299679	0.700363
1	0.000306202	0.999721
0	0.675262	0.321398
1	0.35747	0.637476
0	0.603114	0.398543
0	0.651571	0.348895
0	0.658359	0.341909
0	0.994822	0.00529459
0	0.998424	0.00163755
1	0.471976	0.529317
1	0.229325	0.769841
1	0.133041	0.868189
0	0.996885	0.00315926
0	0.9922	0.0081188
0	0.798723	0.201978
0	0.663132	0.33744
0	0.537496	0.463364
0	0.999471	0.000547529
0	0.887455	0.11216
1	0.356933	0.64339
1	0.364267	0.636505
0	0.728801	0.271775
0	0.728631	0.272378
0	0.998512	0.0015383
1	0.0758696	0.927109
1	0.437784	0.560983
1	0.309103	0.692112
1	5.65341e-06	0.999995
0	0.83989	0.158964
0	0.555287	0.446141
1	0.00132409	0.998741
1	0.132463	0.867051
0	0.988511	0.0115268
1	0.233706	0.76541
0	0.998237	0.00184761
1	0.0116179	0.988962
1	0.490935	0.509259
0	0.843468	0.15674
0	0.712265	0.288505
1	0.102521	0.895909
0	0.700903	0.301281
0	0.681568	0.319012
0	0.890626	0.109985
0	0.704123	0.296701
0	0.740683	0.25959
0	0.98758	0.0124984
1	0.428947	0.568714
0	0.615907	0.384531
0	0.72173	0.278704
0	0.772142	0.22763
0	0.997108	0.00297207
1	0.31986	0.679721
1	0.222668	0.77815
0	0.998875	0.00117399
0	0.641717	0.358963
1	0.101919	0.897904
0	0.695917	0.30582
0	0.707371	0.294023
1	0.000437415	0.999603
0	0.535027	0.463722
0	0.825558	0.175319
1	0.119956	0.879809
1	0.0389237	0.963721
0	0.625787	0.375469
0	0.840784	0.158636
0	0.99875	0.00127471
0	0.737747	0.262947
0	0.642672	0.358145
0	0.809384	0.191686
0	0.754793	0.247126
0	0.996107	0.00395938
1	0.244864	0.753354
0	0.989418	0.0107121
0	0.996289	0.0037947
0	0.724737	0.276398
0	0.828268	0.172722
1	0.282757	0.717618
0	0.64589	0.354143
0	0.848604	0.151572
1	0.305966	0.695033
0	0.640388	0.360249
0	0.629166	0.371861
1	0.05532	0.945821
0	0.99889	0.00115661
1	0.273138	0.72712
0	0.530764	0.469855
0	0.998944	0.00110705
0	0.679855	0.323538
0	0.874884	0.123944
1	0.296358	0.701772
1	0.114496	0.884735
1	0.0535339	0.946803
1	0.110432	0.889503
0	0.996937	0.00312623
0	0.929925	0.0702505
0	0.50392	0.48968
1	0.36669	0.634167
0	0.726311	0.274296
1	0.104121	0.89526
1	0.413667	0.587718
0	0.7594	0.243623
0	0.966057	0.0332395
1	0.290998	0.709646
0	0.997136	0.00293442
1	0.338193	0.66129
0	0.574485	0.427143
1	1.841e-05	0.999983
0	0.997535	0.00255315
1	0.326435	0.672482
1	0.00163144	0.99847
0	0.663827	0.336927
1	0.0127712	0.98746
0	0.619945	0.376253
0	0.704708	0.296235
1	0.159577	0.842417
1	0.11811	0.881311
0	0.714807	0.285818
0	0.996923	0.00319089
0	0.829431	0.17372
1	0.0294577	0.971032
0	0.994035	0.00606639
1	0.473545	0.527206
1	0.466944	0.533386
0	0.997214	0.00285981
0	0.645277	0.355071
0	0.998592	0.00147307
0	0.508464	0.492174
1	0.232967	0.764455
1	0.420844	0.578854
0	0.974425	0.0250083
1	1.07279e-07	1.0
0	0.762202	0.238431
0	0.587232	0.414318
0	0.51787	0.482428
0	0.764418	0.236748
1	0.299892	0.700078
0	0.606639	0.393614
0	0.998682	0.00136561
0	0.98781	0.0122696
0	0.994462	0.0056402
0	0.677255	0.323091
1	0.0583116	0.94235
0	0.78376	0.216213
1	0.00497519	0.995209
0	0.770544	0.23089
0	0.99797	0.00207335
1	0.226763	0.773219
0	0.774498	0.22528
0	0.623772	0.377278
0	0.750062	0.252983
1	0.435038	0.56604
1	0.410862	0.588894
1	0.280396	0.720149
0	0.999047	0.000980936
1	0.291302	0.709533
0	0.733205	0.267154
0	0.596097	0.403969
1	0.249977	0.747155
0	0.669721	0.330801
0	0.821882	0.177213
0	0.966257	0.0347481
1	0.120084	0.880629
1	0.361317	0.63857
0	0.621934	0.379626
0	0.998784	0.00126653
0	0.993283	0.00697514
1	0.00350221	0.99669
0	0.859097	0.14054
1	0.343293	0.655123
0	0.731364	0.270879
1	0.288849	0.711838
1	0.348292	0.651775
0	0.999593	0.000427868
0	0.63859	0.361684
1	0.112395	0.88816
1	0.484558	0.516595
0	0.670601	0.329344
0	0.712771	0.290306
1	0.499473	0.500768
1	0.308329	0.690744
1	0.011223	0.989164
1	0.0847948	0.914746
0	0.999453	0.00056635
0	0.824387	0.178084
1	0.347698	0.652959
1	0.216534	0.781461
1	0.444301	0.556103
0	0.69802	0.302165
1	0.365787	0.634449
0	0.993679	0.00643627
0	0.818358	0.181719
0	0.631968	0.368523
0	0.964533	0.0361798
0	0.619967	0.381058
1	0.105596	0.894072
0	0.865461	0.134002
1	0.353177	0.645878
0	0.740112	0.26262
0	0.708622	0.292878
1	0.00441622	0.995805
1	0.00260204	0.997601
0	0.701093	0.299291
0	0.671253	0.329681
0	0.586771	0.413882
0	0.999445	0.000581038
0	0.586699	0.413612
1	0.00981967	0.990748
1	0.0163083	0.984195
0	0.608333	0.392359
0	0.768528	0.231941
0	0.702233	0.298817
0	0.63196	0.370805
0	0.998235	0.00182552
0	0.652422	0.348338
0	0.859971	0.140732
1	0.318838	0.681218
0	0.984564	0.0159258
1	0.00903761	0.991326
1	0.0167509	0.984067
0	0.602628	0.399467
0	0.791233	0.203773
0	0.537614	0.459706
0	0.999412	0.000611613
1	0.264598	0.731972
1	0.342705	0.657515
1	0.234034	0.764955
0	0.997537	0.0025131
1	0.213857	0.786156
1	0.262035	0.737925
0	0.811911	0.188653
0	0.959601	0.0409814
0	0.996026	0.00405203
0	0.663251	0.339139
0	0.997588	0.00248837
0	0.637444	0.362608
1	4.08426e-05	0.999965
0	0.936098	0.0621487
0	0.642299	0.358898
1	0.00547384	0.994901
0	0.730919	0.27206
0	0.995131	0.00498182
1	0.00375206	0.996407
0	0.997522	0.00256477
1	0.27292	0.727222
0	0.732035	0.269694
0	0.999407	0.000615818
0	0.795633	0.20542
1	0.0029182	0.997274
1	0.00769954	0.992627
0	0.742089	0.260056
0	0.997717	0.00235891
0	0.7521	0.248839
0	0.733375	0.268918
1	0.214895	0.785012
0	0.907173	0.0926055
0	0.519479	0.480488
0	0.999071	0.000952366
1	0.248116	0.750781
0	0.684884	0.315989
0	0.817972	0.182504
0	0.538598	0.461857
0	0.707622	0.293133
0	0.798941	0.201576
1	0.265235	0.734727
1	7.79133e-07	0.999999
1	0.000137063	0.99988
0	0.522247	0.480077
1	0.0670462	0.933221
0	0.950897	0.0492287
1	0.338223	0.661723
1	0.0155169	0.984994
0	0.998712	0.00133825
1	3.23489e-06	0.999997
1	0.445944	0.553798
0	0.999343	0.000678891
1	0.0955564	0.904903
0	0.775524	0.226187
0	0.761648	0.237825
1	0.452985	0.547612
1	0.205667	0.794309
1	0.466024	0.534256
0	0.74888	0.252045
0	0.832893	0.16807
1	0.0778189	0.923088
1	0.355354	0.646162
0	0.630499	0.371389
1	0.0156308	0.984756
1	0.363681	0.636255
0	0.778801	0.221699
0	0.684829	0.316885
1	0.314242	0.686498
1	0.364966	0.634302
0	0.862287	0.136864
1	0.0417034	0.957542
0	0.7948	0.208749
1	0.283998	0.715387
0	0.600069	0.400676
0	0.680798	0.319371
0	0.534376	0.465904
0	0.702829	0.297898
0	0.543425	0.456057
0	0.969072	0.030919
0	0.562032	0.439175
0	0.587926	0.413271
1	0.444064	0.551082
1	0.198229	0.800406
0	0.741196	0.259479
0	0.500524	0.499741
1	0.151278	0.847445
0	0.604584	0.395591
0	0.743086	0.257806
0	0.760498	0.240678
1	0.0254593	0.975174
0	0.816548	0.184005
0	0.788185	0.212428
0	0.618147	0.38221
0	0.591273	0.409476
0	0.784916	0.217042
0	0.54213	0.458158
0	0.600246	0.401701
0	0.966748	0.0331806
0	0.988347	0.011781
0	0.784275	0.211161
1	0.267381	0.732538
0	0.806359	0.194638
0	0.602452	0.399282
0	0.505357	0.495272
0	0.78395	0.216898
0	0.999234	0.000794299
0	0.999447	0.000583375
1	0.289245	0.711876
0	0.597427	0.403202
0	0.739594	0.263229
1	0.208747	0.790738
0	0.621603	0.380983
1	0.141557	0.857333
0	0.868596	0.13193
0	0.859192	0.141089
1	0.000161634	0.99985
0	0.873589	0.126572
1	0.15276	0.846728
0	0.809006	0.190814
0	0.995409	0.00477507
1	0.391837	0.604292
0	0.826965	0.173294
0	0.997937	0.00214027
1	0.0191436	0.981563
0	0.999862	0.000144453
0	0.523708	0.476952
0	0.824911	0.177808
1	0.230554	0.76848
0	0.998289	0.00176069
0	0.804104	0.196092
1	0.110019	0.88893
1	0.242159	0.758089
1	0.301968	0.695238
0	0.925581	0.0725235
