Predicted_Class	P0	P1
0	0.515174	0.482221
1	0.0656896	0.933388
0	0.56203	0.430819
1	0.49263	0.505445
0	0.551661	0.443232
0	0.591701	0.401713
0	0.505695	0.490874
1	0.466727	0.532967
0	0.698509	0.289965
1	0.279396	0.715498
1	0.457614	0.53958
1	0.367625	0.632059
0	0.993645	0.00497346
1	0.465685	0.534067
0	0.691042	0.305255
1	0.408218	0.589744
0	0.635707	0.355151
0	0.571398	0.422487
1	0.461685	0.53831
1	0.479383	0.519532
0	0.636874	0.353979
0	0.995945	0.00297134
1	0.308665	0.690851
1	0.425247	0.571861
1	0.19259	0.806284
1	0.258061	0.741044
0	0.528562	0.466514
0	0.9941	0.00454577
0	0.504022	0.49341
1	0.471149	0.52828
1	0.349519	0.650111
0	0.64388	0.347076
0	0.527107	0.468369
0	0.675454	0.314121
0	0.983576	0.0136233
1	0.485559	0.512106
0	0.592293	0.401044
0	0.954421	0.0421822
1	0.171799	0.827017
0	0.559	0.4358
0	0.546083	0.449514
0	0.986136	0.0114004
0	0.988947	0.0089256
1	0.495272	0.502524
1	0.297948	0.699091
0	0.50548	0.491202
0	0.598071	0.394961
1	0.483648	0.51491
1	0.1785	0.820346
1	0.319975	0.678225
0	0.958297	0.0380421
1	0.0601115	0.938834
0	0.54995	0.445674
1	0.322573	0.676326
0	0.993531	0.0049919
0	0.523499	0.473454
0	0.578415	0.415492
0	0.992122	0.00629313
1	0.344219	0.655395
1	0.0700712	0.930691
0	0.701984	0.287378
1	0.199132	0.798658
1	0.0116211	0.988077
1	0.422203	0.5735
1	0.359917	0.639744
1	0.347666	0.651946
1	0.216903	0.781866
0	0.705534	0.282979
0	0.595736	0.39897
0	0.52643	0.470228
1	0.353275	0.646366
0	0.992523	0.0058125
0	0.710738	0.279049
1	0.301604	0.697881
1	0.416007	0.583833
1	0.45459	0.545255
1	0.246185	0.752865
1	0.469901	0.529276
1	0.436673	0.563237
0	0.632764	0.360312
1	0.164659	0.83429
0	0.529237	0.466244
1	0.0590529	0.940077
0	0.546531	0.448327
1	0.00578291	0.99405
0	0.988984	0.00865045
0	0.663114	0.335956
1	0.370343	0.629349
1	0.173015	0.825735
1	0.295446	0.704036
0	0.511035	0.485628
0	0.59161	0.401508
0	0.542705	0.452407
1	0.461685	0.53831
0	0.990355	0.00763195
0	0.596267	0.398007
0	0.530823	0.464348
0	0.549445	0.444899
0	0.608392	0.383778
1	0.425337	0.57434
1	0.312675	0.682413
0	0.987523	0.0101366
1	0.4902	0.508311
1	0.349525	0.650105
1	0.486257	0.512456
0	0.698373	0.289643
1	0.0183406	0.981241
1	0.0220496	0.977805
0	0.976654	0.0195682
1	0.34839	0.651112
0	0.572146	0.421802
0	0.974394	0.0214731
0	0.992064	0.00621481
1	0.0148993	0.984741
0	0.979912	0.0172295
1	0.20738	0.791564
1	0.489777	0.5079
0	0.51767	0.479272
1	0.376259	0.621657
1	0.476464	0.522483
0	0.61598	0.376558
1	0.236854	0.762261
1	0.497602	0.499899
0	0.574143	0.419994
0	0.553934	0.441722
1	0.433207	0.56669
1	0.101012	0.897914
1	0.458627	0.541357
1	0.461685	0.53831
0	0.990366	0.00764269
0	0.569312	0.425347
1	0.487267	0.51119
1	0.472888	0.526399
1	0.417908	0.581938
0	0.982142	0.0148302
0	0.584662	0.408817
1	0.121125	0.87721
1	0.46318	0.53669
0	0.988287	0.00958721
1	0.470793	0.528775
0	0.582577	0.410785
1	0.247638	0.754161
1	0.173777	0.825111
1	0.30759	0.691923
1	0.469239	0.530216
1	0.461685	0.53831
0	0.518409	0.478319
0	0.519707	0.477562
0	0.524081	0.472233
0	0.983569	0.0138901
0	0.99282	0.005576
0	0.502116	0.494913
0	0.503362	0.494584
1	0.309597	0.687855
0	0.615467	0.37651
0	0.540828	0.454514
0	0.555404	0.439834
1	0.334784	0.664803
1	0.0244907	0.975439
0	0.989212	0.00853404
0	0.565014	0.429097
1	0.461685	0.53831
0	0.98995	0.00805536
0	0.993642	0.00497148
0	0.653717	0.336136
1	0.256837	0.742159
0	0.55496	0.440166
0	0.548751	0.445991
1	0.0237202	0.976303
0	0.987249	0.0103762
0	0.517034	0.479822
1	0.458123	0.539141
0	0.628206	0.363136
1	0.298253	0.699926
1	0.477147	0.517373
1	0.468851	0.530619
1	0.42066	0.577874
0	0.985693	0.0120215
1	0.461685	0.53831
1	0.465688	0.534219
0	0.610966	0.381542
0	0.987026	0.0103828
1	0.129783	0.868784
1	0.36862	0.631067
1	0.462488	0.537459
1	0.461685	0.53831
1	0.295898	0.701786
1	0.448582	0.551368
0	0.569565	0.425035
0	0.984592	0.0126982
1	0.42442	0.575448
1	0.461685	0.53831
0	0.669936	0.320225
0	0.566317	0.427981
0	0.573607	0.419961
1	0.438085	0.561057
0	0.991607	0.00656981
1	0.487513	0.510406
1	0.461685	0.53831
1	0.322159	0.677393
0	0.514221	0.482351
1	0.419846	0.580007
1	0.421654	0.578205
0	0.98968	0.00830958
0	0.985332	0.0121063
1	0.396519	0.600802
1	0.404665	0.595138
0	0.524736	0.470676
1	0.358779	0.637081
1	0.46465	0.532797
1	0.455625	0.544349
0	0.730033	0.268587
0	0.991178	0.00703911
0	0.500837	0.497269
1	0.0266609	0.973336
0	0.878348	0.11753
1	0.446031	0.55391
0	0.988164	0.0096083
0	0.990218	0.00800242
1	0.431726	0.567711
0	0.680164	0.309418
0	0.50624	0.489724
1	0.187014	0.811672
1	0.472842	0.526358
1	0.461685	0.53831
0	0.986261	0.0113007
0	0.97278	0.0231324
1	0.285376	0.714034
1	0.461685	0.53831
0	0.615563	0.376629
1	0.467613	0.531277
1	0.0867666	0.912173
1	0.461685	0.53831
0	0.51937	0.476859
1	0.461685	0.53831
0	0.51324	0.483604
1	0.312607	0.686919
0	0.584055	0.409603
0	0.994863	0.00388316
0	0.750999	0.244913
1	0.462675	0.537238
0	0.630744	0.361127
1	0.434867	0.565036
0	0.597984	0.403914
0	0.680976	0.308074
1	0.308081	0.691434
1	0.400969	0.595375
1	0.172299	0.826569
1	0.271212	0.727755
1	0.241035	0.757899
1	0.467993	0.530649
1	0.444235	0.5557
1	0.372619	0.627081
0	0.964659	0.0310845
0	0.985881	0.0116853
1	0.380425	0.619299
1	0.344463	0.655152
0	0.549239	0.446086
0	0.517433	0.480026
0	0.724524	0.26365
0	0.559321	0.4353
0	0.581165	0.420117
0	0.725812	0.269648
1	0.142703	0.856171
1	0.0649115	0.934188
1	0.120438	0.878413
1	0.481741	0.516876
0	0.575328	0.417863
1	0.331541	0.668036
0	0.710862	0.27773
0	0.629087	0.362288
1	0.498008	0.499943
0	0.572337	0.422101
1	0.476594	0.521919
0	0.668902	0.322016
1	0.377164	0.62255
0	0.518483	0.478481
0	0.50491	0.492996
1	0.461685	0.53831
1	0.330822	0.668754
1	0.477965	0.520896
0	0.59765	0.395216
1	0.428899	0.570984
1	0.46423	0.534504
0	0.99112	0.00709174
0	0.984291	0.0131897
1	0.456844	0.542776
0	0.994425	0.00431502
1	0.375144	0.624563
0	0.570353	0.423783
0	0.60795	0.386642
1	0.461685	0.53831
0	0.500828	0.495266
1	0.213154	0.785896
0	0.645246	0.345571
0	0.557566	0.437118
1	0.461685	0.53831
1	0.318931	0.679756
1	0.313717	0.685812
0	0.989283	0.00854878
0	0.976347	0.0205276
1	0.472448	0.526898
0	0.691813	0.302097
1	0.463625	0.536209
1	0.104349	0.89456
1	0.0298346	0.969781
1	0.233028	0.766012
0	0.980907	0.0154885
0	0.984481	0.0129986
1	0.108108	0.890761
0	0.504104	0.492786
0	0.659131	0.331116
0	0.575853	0.417996
0	0.582643	0.410126
0	0.587021	0.407238
1	0.129497	0.86935
0	0.985016	0.0123462
0	0.771412	0.218568
0	0.505366	0.491794
0	0.984546	0.0128401
1	0.396258	0.601593
1	0.402909	0.596887
1	0.320244	0.679303
1	0.0255587	0.973906
0	0.524892	0.471261
0	0.652835	0.337727
1	0.177265	0.821516
0	0.608774	0.383375
1	0.480897	0.517628
0	0.650045	0.340651
0	0.987015	0.0108274
0	0.982174	0.0149736
0	0.72761	0.259698
0	0.592748	0.400296
1	0.437394	0.561621
0	0.505846	0.491957
1	0.410792	0.583558
1	0.0795824	0.91941
0	0.5731	0.421268
0	0.644482	0.346175
0	0.582583	0.411051
0	0.975104	0.0211644
0	0.521001	0.475863
0	0.499881	0.497862
1	0.462332	0.537153
0	0.613024	0.379366
0	0.504208	0.492711
0	0.976214	0.0210017
0	0.501226	0.49626
0	0.501188	0.496185
1	0.403787	0.595978
1	0.461685	0.53831
0	0.982886	0.0145387
1	0.230522	0.768657
0	0.621024	0.370314
1	0.498385	0.499391
1	0.461685	0.53831
0	0.504642	0.493019
0	0.966878	0.0301054
1	0.352522	0.647117
1	0.298937	0.700349
0	0.578462	0.415016
1	0.0542726	0.944895
0	0.568592	0.426052
0	0.536089	0.459964
1	0.386533	0.613211
0	0.540242	0.455101
1	0.44727	0.551496
0	0.964215	0.0320167
0	0.573647	0.41966
1	0.461685	0.53831
0	0.56538	0.4293
0	0.536567	0.458968
1	0.37626	0.622812
1	0.465304	0.534475
1	0.230037	0.768916
0	0.636975	0.354119
0	0.982144	0.0148389
1	0.462709	0.537225
1	0.419162	0.580688
1	0.335339	0.664082
1	0.200708	0.796582
0	0.603106	0.38896
0	0.99342	0.00507862
0	0.661974	0.328735
1	0.466656	0.533039
1	0.399963	0.600835
1	0.357692	0.641962
1	0.461685	0.53831
0	0.993386	0.00519726
0	0.996381	0.0026519
0	0.92052	0.0757421
0	0.99474	0.00397867
1	0.138405	0.860434
0	0.734484	0.252866
1	0.388386	0.609513
1	0.4705	0.528771
1	0.405209	0.594564
0	0.653941	0.338996
0	0.516511	0.479902
0	0.579943	0.413918
1	0.318652	0.679069
0	0.520286	0.4752
0	0.988775	0.00909308
0	0.509925	0.487014
0	0.599975	0.392388
0	0.567774	0.428491
1	0.224639	0.774593
0	0.660097	0.331646
0	0.991447	0.00672255
1	0.494711	0.502891
0	0.537147	0.458439
0	0.988097	0.0098136
0	0.50071	0.497231
0	0.67632	0.321522
0	0.994783	0.00399619
1	0.39426	0.605509
1	0.478539	0.520725
0	0.984064	0.0132897
0	0.731936	0.255982
1	0.49631	0.501667
0	0.952749	0.044101
0	0.503683	0.492393
1	0.461685	0.53831
0	0.992186	0.00612982
0	0.983842	0.0135949
0	0.716663	0.270958
1	0.475637	0.522205
1	0.493506	0.504604
0	0.577086	0.416618
1	0.480099	0.518364
1	0.318084	0.681457
1	0.477744	0.521435
0	0.610147	0.381141
1	0.481254	0.517613
0	0.507185	0.489977
0	0.987195	0.0102895
1	0.461685	0.53831
0	0.524361	0.472
1	0.223937	0.775075
0	0.699099	0.289867
1	0.270838	0.728219
0	0.547059	0.447894
0	0.982407	0.0145719
0	0.504846	0.492367
0	0.575432	0.418987
0	0.978785	0.0181292
1	0.372232	0.627466
1	0.430948	0.567542
1	0.0241947	0.975763
1	0.0959965	0.902933
1	0.31556	0.682563
1	0.461685	0.53831
0	0.52057	0.476012
0	0.577183	0.416721
1	0.118219	0.880633
0	0.660134	0.33192
1	0.332914	0.666668
1	0.468888	0.53065
0	0.990138	0.00768082
1	0.399624	0.600162
0	0.647956	0.342
0	0.988978	0.00900919
0	0.574691	0.420355
0	0.499365	0.498168
0	0.604433	0.388324
1	0.478178	0.521057
0	0.989651	0.00829735
1	0.465879	0.533892
1	0.0871151	0.911302
1	0.337476	0.662118
1	0.474374	0.524982
0	0.568494	0.426323
0	0.708911	0.289446
1	0.350873	0.648761
1	0.30823	0.689932
0	0.983287	0.0139796
0	0.524976	0.47152
0	0.980003	0.0168482
1	0.389764	0.60999
0	0.589634	0.410911
1	0.473008	0.524396
0	0.636748	0.354503
1	0.341767	0.657839
0	0.710506	0.279087
1	0.357724	0.64193
1	0.0293285	0.970347
0	0.65068	0.339979
0	0.610488	0.382302
0	0.600203	0.392547
1	0.393681	0.606085
0	0.685125	0.304033
1	0.140248	0.85836
0	0.607856	0.395516
1	0.328317	0.671252
1	0.46158	0.538415
1	0.297903	0.70156
0	0.970395	0.02611
0	0.995909	0.00296576
1	0.401941	0.597852
0	0.988304	0.00908618
1	0.218848	0.780076
0	0.642388	0.348089
0	0.533524	0.463722
0	0.500727	0.496722
0	0.634509	0.35821
0	0.65814	0.332833
1	0.461685	0.53831
1	0.425182	0.574688
0	0.574178	0.419192
0	0.520656	0.475804
1	0.19087	0.807
0	0.984432	0.0130511
1	0.349008	0.650464
1	0.0847117	0.914238
1	0.33907	0.660528
0	0.985616	0.0117351
0	0.537708	0.457731
1	0.0233314	0.9762
1	0.462756	0.537175
1	0.351507	0.64585
0	0.575975	0.416946
1	0.475771	0.523396
1	0.482155	0.517295
1	0.108146	0.890756
1	0.0171486	0.982454
0	0.983026	0.0142691
1	0.028072	0.971373
1	0.378595	0.621124
0	0.746992	0.240751
0	0.523161	0.473326
0	0.555303	0.438807
0	0.582122	0.411706
0	0.981956	0.01548
1	0.431092	0.568095
1	0.348395	0.648911
1	0.406338	0.59347
1	0.494982	0.502854
0	0.994499	0.00413949
0	0.608762	0.38365
0	0.546981	0.448326
0	0.542096	0.4534
1	0.487965	0.507787
0	0.970807	0.0258566
0	0.981071	0.0160958
0	0.995242	0.0035667
1	0.43241	0.567485
0	0.706629	0.288515
0	0.523977	0.471429
0	0.604048	0.388886
0	0.989155	0.00888094
0	0.523151	0.472905
0	0.513776	0.483495
0	0.612386	0.379497
0	0.918808	0.0762218
1	0.375403	0.624306
0	0.625271	0.366495
0	0.501581	0.496651
1	0.467837	0.531884
0	0.539057	0.457424
1	0.196921	0.801896
1	0.148846	0.84996
1	0.461685	0.53831
1	0.265127	0.733881
1	0.461685	0.53831
1	0.399967	0.599815
1	0.464077	0.535869
1	0.103607	0.895307
1	0.359208	0.640451
0	0.984405	0.0127654
0	0.511313	0.485836
0	0.971197	0.0254549
1	0.0268804	0.972574
0	0.53578	0.460069
0	0.613114	0.379328
0	0.989668	0.0083754
0	0.974019	0.0224715
1	0.287056	0.710474
0	0.990782	0.00741255
1	0.293575	0.705903
1	0.418865	0.580985
0	0.570702	0.423762
1	0.126416	0.872461
0	0.655621	0.338109
0	0.741277	0.245796
1	0.105791	0.892303
1	0.277876	0.720863
1	0.325832	0.668817
1	0.458829	0.534827
0	0.632747	0.35964
0	0.49901	0.496442
0	0.990009	0.00797771
1	0.312149	0.687376
0	0.662038	0.328236
0	0.542917	0.45012
1	0.464345	0.535596
0	0.656853	0.333551
1	0.456999	0.541921
0	0.709019	0.278842
1	0.220655	0.778322
0	0.614291	0.37753
0	0.9699	0.026616
1	0.434595	0.565308
0	0.578683	0.414726
1	0.328231	0.671337
1	0.461685	0.53831
0	0.601324	0.39128
0	0.615855	0.375908
0	0.608489	0.383753
0	0.621195	0.370875
0	0.57801	0.415882
1	0.475448	0.523644
0	0.989445	0.00850079
1	0.461685	0.53831
1	0.461685	0.53831
1	0.490031	0.508002
0	0.542943	0.452252
0	0.988581	0.00927205
0	0.987927	0.00990497
1	0.461685	0.53831
0	0.993156	0.00527188
0	0.992818	0.00563542
1	0.319701	0.679844
1	0.432001	0.564249
0	0.527626	0.468918
0	0.613847	0.378695
0	0.62473	0.366835
0	0.66726	0.322562
1	0.468544	0.530881
0	0.984355	0.0129483
0	0.53195	0.464734
1	0.464393	0.535378
0	0.690803	0.302422
0	0.99179	0.0064789
1	0.475504	0.523717
1	0.0987404	0.900179
0	0.503761	0.493294
1	0.4827	0.516412
0	0.97651	0.0202259
1	0.423781	0.570728
0	0.5981	0.395277
0	0.521225	0.474748
0	0.720593	0.271295
0	0.691982	0.302248
1	0.431022	0.568869
1	0.477764	0.521047
1	0.457243	0.541331
1	0.00451593	0.995368
0	0.579382	0.414294
1	0.335482	0.664106
0	0.992733	0.00576105
0	0.640581	0.3506
1	0.461685	0.53831
1	0.467756	0.531877
0	0.991797	0.00640059
0	0.504258	0.492935
1	0.467298	0.532362
0	0.596832	0.395772
0	0.584203	0.409005
1	0.454074	0.545536
0	0.65513	0.335558
1	0.344382	0.655232
1	0.46832	0.531355
1	0.461685	0.53831
1	0.486868	0.510279
0	0.992351	0.00599667
0	0.976335	0.0203247
0	0.969528	0.0255341
0	0.989571	0.00850845
1	0.382235	0.617452
1	0.461685	0.53831
1	0.00824809	0.991541
1	0.487578	0.505144
1	0.461685	0.53831
0	0.98214	0.0145996
1	0.464965	0.534963
1	0.180278	0.816712
1	0.281499	0.717951
0	0.652435	0.343201
0	0.609211	0.3826
1	0.380881	0.618845
1	0.48068	0.51845
0	0.992175	0.00608104
0	0.992186	0.00610693
0	0.506079	0.491364
0	0.984961	0.0121368
1	0.00718624	0.992648
1	0.461685	0.53831
0	0.503836	0.494171
0	0.786789	0.202065
0	0.561977	0.4331
0	0.990971	0.00707653
1	0.149941	0.848892
0	0.503673	0.493447
0	0.601892	0.391262
0	0.963327	0.0334744
0	0.649243	0.342426
0	0.564375	0.42908
0	0.537251	0.458744
1	0.330899	0.667074
0	0.517524	0.479363
1	0.113264	0.88564
0	0.979429	0.0171146
1	0.0232134	0.976298
1	0.461685	0.53831
1	0.29311	0.706367
1	0.143879	0.854971
0	0.584869	0.408931
0	0.595618	0.397428
1	0.466831	0.532902
1	0.355084	0.644562
0	0.53099	0.465455
1	0.485236	0.512054
0	0.99278	0.00563228
1	0.204895	0.793792
0	0.981425	0.0157036
0	0.549988	0.444699
1	0.178415	0.820353
1	0.401642	0.597554
1	0.461685	0.53831
0	0.968869	0.0268211
0	0.979573	0.0176087
0	0.788128	0.200647
1	0.136555	0.862031
1	0.461685	0.53831
0	0.513903	0.482386
1	0.355889	0.63822
0	0.630559	0.369231
0	0.994424	0.00432218
0	0.562135	0.43234
0	0.606557	0.385638
1	0.308794	0.692814
0	0.603787	0.388834
0	0.612517	0.380157
0	0.655421	0.335423
0	0.632382	0.359285
0	0.609107	0.388952
1	0.0670687	0.932065
0	0.612205	0.380041
0	0.603854	0.392622
0	0.988625	0.00913999
0	0.991801	0.00646871
0	0.965294	0.0305428
0	0.50064	0.496632
0	0.579887	0.414163
1	0.467377	0.532146
1	0.415255	0.584583
0	0.985395	0.0117825
0	0.655544	0.345255
1	0.478767	0.519993
0	0.987356	0.0102305
1	0.0195136	0.980051
0	0.508157	0.488911
0	0.678676	0.311036
0	0.961937	0.0350301
0	0.687842	0.301187
1	0.413579	0.586253
0	0.991979	0.00628896
1	0.141666	0.857143
1	0.465689	0.534225
0	0.994177	0.00444404
1	0.0878824	0.911099
0	0.680427	0.308842
1	0.48281	0.515225
0	0.988392	0.00936471
1	0.461685	0.53831
1	0.405724	0.594082
1	0.0991135	0.899843
0	0.615008	0.377158
1	0.444958	0.554979
0	0.599411	0.393631
0	0.571303	0.423035
0	0.888201	0.110198
1	0.3136	0.685929
0	0.614746	0.378371
1	0.379003	0.620717
1	0.374742	0.624964
1	0.00640175	0.993409
1	0.350343	0.649116
0	0.5868	0.407292
1	0.461835	0.538153
0	0.723309	0.269353
1	0.472209	0.526955
0	0.922459	0.0722692
1	0.461917	0.538064
1	0.496587	0.50123
1	0.461762	0.538228
0	0.986773	0.0107887
1	0.447865	0.551858
1	0.489984	0.508108
0	0.606912	0.393076
0	0.510753	0.486608
0	0.54394	0.451952
0	0.981191	0.0159112
1	0.450156	0.5498
1	0.448717	0.549392
1	0.335531	0.663924
0	0.590529	0.403129
1	0.427484	0.571888
0	0.623878	0.36797
0	0.565218	0.428951
0	0.578212	0.415355
1	0.461685	0.53831
1	0.461685	0.53831
0	0.6112	0.380911
1	0.32587	0.672465
1	0.448809	0.551142
1	0.0108857	0.988828
0	0.598746	0.393933
0	0.504634	0.492636
1	0.378827	0.620892
0	0.988909	0.00884513
0	0.991965	0.00642472
1	0.392765	0.606999
1	0.348469	0.651158
0	0.98583	0.0114546
1	0.31168	0.687844
0	0.541362	0.454835
0	0.501568	0.496106
0	0.504211	0.493809
0	0.514195	0.480006
1	0.258318	0.74103
0	0.670408	0.319591
0	0.987501	0.0102172
0	0.563149	0.434273
1	0.485773	0.512661
1	0.0401907	0.959105
1	0.0293507	0.970098
0	0.519168	0.475995
1	0.374923	0.624784
0	0.968258	0.0279777
1	0.461685	0.53831
0	0.55164	0.443208
0	0.551235	0.443679
1	0.462943	0.536977
0	0.614268	0.378271
0	0.612628	0.386866
1	0.334783	0.664804
1	0.461685	0.53831
1	0.461685	0.53831
0	0.636042	0.355319
1	0.45894	0.541046
1	0.434714	0.563908
0	0.565217	0.429236
0	0.56011	0.434818
0	0.592653	0.400499
0	0.980446	0.0167768
0	0.574443	0.42136
1	0.461685	0.53831
0	0.57749	0.422229
1	0.0678283	0.930902
0	0.649459	0.341409
1	0.436681	0.563228
0	0.7242	0.263694
1	0.328247	0.671322
0	0.664664	0.325382
1	0.419637	0.580215
0	0.576497	0.418186
1	0.0510168	0.948226
0	0.946085	0.0479098
0	0.569204	0.424854
0	0.586598	0.406703
0	0.991771	0.00653712
0	0.5882	0.407457
1	0.469426	0.530034
0	0.643169	0.347395
0	0.65617	0.334168
1	0.439379	0.56054
0	0.755441	0.233245
1	0.465518	0.534259
1	0.480193	0.518576
0	0.619524	0.37209
1	0.461685	0.53831
0	0.542462	0.453006
0	0.627094	0.36492
0	0.630056	0.369713
1	0.374614	0.625092
1	0.466226	0.533507
0	0.991482	0.0067635
1	0.461685	0.53831
0	0.988254	0.00959832
0	0.518915	0.477752
0	0.977907	0.0189961
1	0.461685	0.53831
1	0.277418	0.719587
1	0.0811349	0.917877
0	0.982199	0.0149051
0	0.989806	0.00817704
0	0.985924	0.0114276
1	0.392436	0.607322
1	0.245581	0.753439
1	0.355365	0.644282
1	0.0703222	0.928453
0	0.554828	0.439759
0	0.604723	0.387562
1	0.449079	0.550256
1	0.126098	0.872755
0	0.5506	0.444822
0	0.530266	0.465828
0	0.558232	0.436503
0	0.553843	0.440871
1	0.481212	0.51742
1	0.0060969	0.993721
0	0.992345	0.00601722
0	0.505742	0.49208
1	0.0952735	0.903655
1	0.0205559	0.978995
0	0.598272	0.394748
0	0.678844	0.310476
0	0.547605	0.446533
0	0.588127	0.405175
0	0.514316	0.481718
1	0.461685	0.53831
0	0.678404	0.310769
1	0.426166	0.572782
1	0.149047	0.849759
1	0.0237539	0.975738
1	0.190788	0.808126
1	0.479139	0.518508
0	0.624145	0.364851
0	0.974471	0.0222037
0	0.994266	0.00441844
1	0.261733	0.736638
1	0.295529	0.702064
0	0.984163	0.0133415
1	0.32414	0.675417
0	0.98895	0.00881971
0	0.996069	0.00291637
1	0.458573	0.541197
0	0.544397	0.451828
0	0.972855	0.0239176
1	0.132137	0.866652
1	0.461685	0.53831
0	0.981566	0.0150685
0	0.508093	0.488802
1	0.462945	0.536975
1	0.332982	0.666537
0	0.50467	0.492387
0	0.552456	0.442461
0	0.542926	0.452816
1	0.0251923	0.974755
0	0.989643	0.00814405
1	0.397583	0.602196
1	0.461685	0.53831
1	0.137372	0.861129
0	0.561482	0.433152
1	0.477098	0.521647
1	0.461685	0.53831
0	0.579404	0.417608
1	0.192873	0.806021
0	0.970659	0.0256573
1	0.221254	0.776508
0	0.739237	0.249008
0	0.991446	0.00683855
1	0.461685	0.53831
1	0.478036	0.521047
1	0.191939	0.806904
1	0.306571	0.692737
0	0.980781	0.0160792
0	0.970295	0.0263262
1	0.390459	0.609015
1	0.261104	0.734375
0	0.659148	0.338201
1	0.496999	0.49775
1	0.466033	0.532762
0	0.525817	0.47018
0	0.499385	0.497444
1	0.177434	0.82124
0	0.610505	0.382055
1	0.437774	0.561134
1	0.461685	0.53831
0	0.986336	0.0108572
0	0.655833	0.334788
0	0.550645	0.444844
1	0.461685	0.53831
1	0.35201	0.647627
0	0.965707	0.0304493
1	0.121693	0.877186
0	0.956033	0.0398768
0	0.992642	0.00559485
1	0.466575	0.533279
0	0.994451	0.00426451
1	0.494237	0.503815
1	0.189494	0.80936
0	0.753391	0.234808
0	0.602678	0.389978
0	0.990541	0.00768224
0	0.577171	0.416536
0	0.667207	0.322731
0	0.604405	0.38795
0	0.681541	0.308443
0	0.744722	0.24294
0	0.534817	0.461302
0	0.995548	0.00340796
1	0.459182	0.540804
1	0.108147	0.88984
0	0.539135	0.456729
1	0.111224	0.887658
1	0.0914044	0.907572
0	0.502726	0.494036
0	0.603327	0.388938
1	0.386639	0.612017
1	0.0477985	0.95142
0	0.614828	0.377715
0	0.524221	0.472861
0	0.990492	0.00759903
1	0.355274	0.64377
0	0.528168	0.466999
0	0.675568	0.320618
0	0.670421	0.319943
0	0.554473	0.440644
1	0.497324	0.5004
0	0.579497	0.413966
0	0.698993	0.294991
0	0.979608	0.0173966
0	0.528759	0.467395
1	0.481894	0.51681
1	0.260659	0.738502
0	0.590646	0.402348
1	0.0763364	0.922674
0	0.630027	0.363373
0	0.96594	0.0305916
0	0.548504	0.446169
0	0.511278	0.486168
1	0.148912	0.849877
1	0.416264	0.582529
0	0.688094	0.300873
1	0.411742	0.588084
1	0.200893	0.797973
1	0.0273341	0.973019
0	0.995112	0.00362732
1	0.382449	0.617282
0	0.641151	0.349547
0	0.667395	0.322427
1	0.0132308	0.986441
0	0.899816	0.0955488
0	0.989229	0.00848551
0	0.634792	0.357275
0	0.537078	0.458588
0	0.583808	0.409285
1	0.472063	0.527355
0	0.98733	0.0102003
1	0.478658	0.52059
1	0.331144	0.668432
1	0.288494	0.710553
1	0.00606405	0.993755
1	0.481226	0.517501
0	0.547167	0.448535
1	0.466243	0.532082
1	0.477911	0.521151
0	0.589761	0.404591
1	0.018138	0.981438
0	0.503887	0.493011
0	0.581591	0.411272
1	0.282798	0.716218
0	0.980197	0.0167032
1	0.0858716	0.913111
0	0.514997	0.481775
1	0.311187	0.688336
1	0.235064	0.76394
1	0.359347	0.640311
0	0.562028	0.43294
0	0.557887	0.435849
0	0.52498	0.47133
0	0.967501	0.0287375
0	0.540947	0.454713
1	0.461685	0.53831
0	0.53112	0.465161
1	0.466447	0.533175
1	0.461685	0.53831
1	0.421127	0.57873
0	0.622021	0.369199
1	0.0991296	0.89978
0	0.630346	0.3612
1	0.26885	0.729929
0	0.928719	0.0682325
1	0.400944	0.598846
1	0.13289	0.865944
1	0.0275899	0.971847
0	0.54696	0.447529
1	0.225217	0.773283
1	0.461685	0.53831
0	0.502207	0.495268
0	0.654618	0.335814
1	0.366436	0.633245
1	0.284842	0.711708
0	0.984988	0.0122875
0	0.65763	0.331739
0	0.584446	0.417055
1	0.449446	0.550507
1	0.0786855	0.9203
1	0.461685	0.53831
1	0.382647	0.614984
1	0.461685	0.53831
0	0.991081	0.00695733
1	0.376174	0.623537
1	0.398501	0.601281
0	0.675631	0.31933
0	0.676895	0.312858
1	0.361331	0.638334
1	0.0201514	0.979407
1	0.109483	0.889433
0	0.95295	0.0437305
1	0.261264	0.736422
1	0.25807	0.741208
1	0.0171037	0.982501
0	0.698994	0.289665
1	0.14748	0.851395
1	0.0886903	0.909538
0	0.617907	0.374244
1	0.0200218	0.979553
1	0.142952	0.855641
0	0.552959	0.442261
1	0.00337932	0.996508
1	0.461685	0.53831
0	0.557309	0.441827
0	0.815192	0.172507
0	0.545814	0.450207
0	0.989392	0.00845548
0	0.649426	0.340915
1	0.298614	0.698931
1	0.317002	0.682536
1	0.242743	0.756047
0	0.523474	0.472905
0	0.543876	0.45118
0	0.984218	0.0131732
1	0.123046	0.8758
0	0.995695	0.00315667
0	0.597678	0.394496
0	0.639566	0.351801
1	0.486305	0.511995
1	0.451453	0.546857
0	0.594355	0.39935
1	0.418759	0.58109
1	0.301648	0.696001
1	0.277816	0.719481
0	0.762097	0.232617
1	0.47803	0.520669
1	0.0337037	0.965922
0	0.641416	0.349558
0	0.539913	0.455604
1	0.0229478	0.976561
1	0.461685	0.53831
1	0.430775	0.569114
0	0.980763	0.0166252
1	0.335441	0.660728
0	0.99368	0.00487529
0	0.986664	0.0108823
0	0.523937	0.472713
0	0.984737	0.0127629
0	0.698712	0.290025
0	0.71158	0.282065
1	0.0836566	0.915305
0	0.620095	0.371618
0	0.50903	0.48788
0	0.555064	0.439798
0	0.968229	0.0282244
1	0.458644	0.539146
0	0.75691	0.231751
1	0.495644	0.501403
1	0.468744	0.527979
1	0.245942	0.749515
1	0.448262	0.551687
1	0.461783	0.538195
1	0.462328	0.537654
1	0.128646	0.868827
0	0.983739	0.0135216
0	0.99535	0.00352371
1	0.461685	0.53831
1	0.495126	0.502229
1	0.461685	0.53831
1	0.427417	0.572302
0	0.532659	0.463612
0	0.653231	0.336866
1	0.433838	0.566062
1	0.418298	0.581549
0	0.535944	0.459394
0	0.559083	0.435706
1	0.359235	0.640424
1	0.433985	0.55724
1	0.461685	0.53831
1	0.459569	0.539126
1	0.362036	0.637631
0	0.552025	0.443281
1	0.388121	0.611627
0	0.567278	0.427041
0	0.984334	0.0131356
0	0.509534	0.487892
1	0.367239	0.632444
0	0.513605	0.483473
1	0.120702	0.878193
0	0.509479	0.487493
1	0.474937	0.524392
1	0.363026	0.636644
1	0.437529	0.562384
1	0.00684931	0.992951
0	0.540321	0.455236
0	0.995021	0.00371344
0	0.989641	0.00835168
1	0.461685	0.53831
0	0.613104	0.379319
0	0.500341	0.497005
1	0.487646	0.510729
1	0.0427134	0.956599
1	0.330778	0.668797
0	0.529845	0.466272
0	0.675548	0.325582
0	0.979877	0.0163376
0	0.726181	0.26217
1	0.495205	0.502329
0	0.611521	0.380392
0	0.994615	0.00412921
0	0.994617	0.00411635
1	0.322585	0.676968
1	0.168848	0.829975
1	0.0400764	0.959224
0	0.994582	0.00409741
0	0.563765	0.43056
0	0.593417	0.399705
0	0.646425	0.347142
0	0.516199	0.480576
0	0.991586	0.00662047
0	0.506969	0.490821
0	0.975898	0.0209364
1	0.00385746	0.996016
0	0.618225	0.373664
1	0.222929	0.775094
0	0.505673	0.491512
1	0.00591684	0.993903
0	0.62325	0.368831
0	0.504051	0.493168
1	0.430384	0.569504
0	0.707147	0.281238
1	0.381602	0.618125
0	0.978512	0.0185456
0	0.623155	0.369197
1	0.10121	0.898614
0	0.570507	0.42321
0	0.995911	0.00305732
1	0.358334	0.63914
1	0.439205	0.560484
1	0.212263	0.78668
1	0.017408	0.982188
0	0.516686	0.480083
1	0.0301326	0.969922
1	0.400018	0.599769
1	0.14491	0.853944
0	0.546191	0.44916
1	0.482781	0.516334
1	0.358659	0.640997
1	0.376025	0.623553
0	0.988768	0.00891544
0	0.586598	0.407001
0	0.537453	0.458183
1	0.210126	0.788809
0	0.956884	0.037867
0	0.51298	0.483556
0	0.988343	0.00929247
0	0.630475	0.360919
0	0.980167	0.0163354
0	0.690175	0.302739
0	0.99519	0.00358452
0	0.568795	0.426977
0	0.599033	0.393859
0	0.547291	0.448323
1	0.373071	0.62663
1	0.461685	0.53831
0	0.987301	0.0106165
0	0.981863	0.0149127
1	0.249522	0.749619
0	0.599681	0.393169
1	0.4796	0.519124
1	0.461685	0.53831
1	0.334043	0.665282
1	0.455978	0.539934
1	0.461685	0.53831
0	0.527911	0.468529
1	0.48368	0.515135
1	0.0262797	0.973185
1	0.178683	0.820153
1	0.481419	0.517583
1	0.466208	0.533424
1	0.443057	0.556874
0	0.609414	0.382657
0	0.67275	0.320903
0	0.953567	0.0411467
0	0.560535	0.434221
1	0.489454	0.509049
0	0.981137	0.0160499
0	0.548716	0.446689
0	0.993608	0.00493882
1	0.461685	0.53831
1	0.451805	0.548157
1	0.123144	0.875708
1	0.371118	0.624896
1	0.096008	0.902909
0	0.986736	0.0105849
0	0.521754	0.475251
1	0.108708	0.890167
0	0.965168	0.0318918
0	0.979786	0.0171119
0	0.607096	0.385163
0	0.516096	0.480751
0	0.572002	0.42191
0	0.580536	0.41328
1	0.364869	0.634807
1	0.403647	0.596152
0	0.606675	0.387984
1	0.481491	0.517549
0	0.982618	0.0145055
1	0.254877	0.743917
1	0.462636	0.537303
0	0.524102	0.472677
0	0.536902	0.458258
0	0.992053	0.00631348
1	0.0816297	0.917165
0	0.993224	0.00520329
0	0.990573	0.00744547
0	0.524029	0.472174
0	0.967941	0.028082
0	0.993222	0.00521196
0	0.574566	0.41988
0	0.598387	0.394115
1	0.40549	0.594315
1	0.318754	0.680789
0	0.51351	0.483579
1	0.0252652	0.974225
1	0.145505	0.853269
0	0.655483	0.334689
0	0.975871	0.0203789
0	0.989706	0.00821397
1	0.118968	0.879936
0	0.637351	0.354288
1	0.461685	0.53831
0	0.98634	0.0112231
0	0.552893	0.441803
0	0.534154	0.461587
1	0.227555	0.771476
0	0.614624	0.3838
0	0.519933	0.476764
0	0.512592	0.484656
0	0.945038	0.0509291
0	0.613164	0.379331
0	0.969414	0.0263021
0	0.990199	0.00782014
1	0.364853	0.634823
1	0.490973	0.507226
1	0.373994	0.622463
1	0.00982728	0.989907
1	0.373527	0.626175
1	0.481286	0.517388
0	0.997003	0.00215488
0	0.550157	0.44501
0	0.616051	0.375899
1	0.461685	0.53831
1	0.420311	0.578747
0	0.531584	0.462152
0	0.989835	0.00813034
1	0.337326	0.662268
0	0.984297	0.0132107
0	0.983558	0.0140956
1	0.386012	0.61373
1	0.426299	0.573575
1	0.492654	0.503943
1	0.250869	0.74852
1	0.461685	0.53831
0	0.604497	0.392299
0	0.503812	0.493359
1	0.472226	0.527233
1	0.21083	0.787491
1	0.259329	0.739712
0	0.682679	0.306039
1	0.0880124	0.910915
1	0.465893	0.533019
1	0.433001	0.566831
0	0.562976	0.43164
1	0.461685	0.53831
0	0.983249	0.0140547
0	0.566706	0.427153
0	0.573057	0.428475
1	0.494555	0.503679
0	0.675322	0.313475
1	0.150138	0.848722
0	0.627948	0.363016
0	0.519657	0.47735
1	0.252725	0.746297
0	0.642881	0.34833
0	0.726669	0.268808
1	0.323614	0.675942
0	0.562363	0.437674
1	0.206482	0.792345
1	0.266803	0.732527
1	0.299022	0.700198
0	0.969953	0.0265014
1	0.19484	0.804009
0	0.636826	0.35457
1	0.461685	0.53831
0	0.9792	0.0171463
0	0.989702	0.00827768
0	0.530707	0.465491
1	0.30206	0.697438
0	0.648379	0.342627
1	0.496501	0.500702
1	0.470672	0.526869
1	0.23236	0.766575
1	0.461685	0.53831
0	0.99499	0.00368546
1	0.143669	0.85518
0	0.526109	0.469906
0	0.654713	0.339724
0	0.622518	0.368973
1	0.0067445	0.993059
0	0.993089	0.00538456
0	0.988267	0.0094637
0	0.525765	0.470824
0	0.638385	0.352412
0	0.730654	0.261773
1	0.486664	0.510206
1	0.42579	0.571205
0	0.514437	0.481712
0	0.504819	0.492439
0	0.986265	0.0114779
1	0.482291	0.516922
1	0.205338	0.793644
1	0.47132	0.528008
1	0.391569	0.60819
1	0.313468	0.686061
1	0.477255	0.520621
0	0.967073	0.0287875
1	0.06992	0.929125
1	0.461685	0.53831
1	0.286808	0.712654
0	0.54534	0.450417
0	0.499866	0.49738
0	0.635986	0.354992
0	0.992833	0.0055563
0	0.981038	0.0160523
0	0.63914	0.352548
1	0.31008	0.689211
0	0.713866	0.274268
0	0.556831	0.438134
0	0.547824	0.447976
0	0.602137	0.390745
1	0.484859	0.513911
1	0.0408508	0.958437
0	0.989253	0.00880953
1	0.0762582	0.922754
0	0.733514	0.253617
0	0.540054	0.455885
1	0.412481	0.587347
0	0.984864	0.0121107
0	0.518365	0.478945
0	0.75397	0.233054
0	0.690059	0.30697
1	0.320118	0.679165
1	0.408472	0.591343
1	0.0676985	0.931161
0	0.959639	0.0356015
0	0.503489	0.49388
1	0.180808	0.817984
0	0.976753	0.0200503
0	0.51808	0.478932
0	0.990591	0.00745392
1	0.329971	0.669429
0	0.528605	0.467869
1	0.233403	0.764377
0	0.629171	0.362357
0	0.994327	0.00430377
1	0.334533	0.665053
0	0.537436	0.458541
1	0.467076	0.532471
1	0.439601	0.553527
0	0.769971	0.216915
1	0.475834	0.523537
0	0.660831	0.337108
1	0.41957	0.580282
1	0.366532	0.633149
1	0.329087	0.670392
0	0.958384	0.036519
1	0.466464	0.532528
0	0.602654	0.389601
1	0.167868	0.830869
0	0.575367	0.418314
0	0.570131	0.42419
1	0.45158	0.546604
0	0.989241	0.00870644
0	0.590927	0.402042
1	0.412526	0.586896
0	0.520929	0.476344
1	0.208272	0.789901
1	0.438788	0.560332
0	0.651454	0.339333
1	0.373625	0.626078
0	0.991791	0.00646156
0	0.991669	0.00656797
1	0.49722	0.500711
1	0.212158	0.785853
0	0.778417	0.219919
1	0.199024	0.79963
0	0.990505	0.0074915
0	0.581709	0.411654
1	0.064251	0.934848
0	0.504942	0.492096
1	0.405339	0.59367
0	0.502784	0.495431
0	0.50905	0.487414
0	0.703528	0.285211
0	0.595305	0.39728
1	0.4793	0.519604
0	0.56037	0.434146
1	0.383415	0.616318
0	0.975588	0.0204579
0	0.984706	0.0128141
0	0.993624	0.00484811
0	0.986179	0.0114117
1	0.292225	0.704046
1	0.461685	0.53831
1	0.184618	0.814203
0	0.528246	0.468037
1	0.469197	0.530646
0	0.57027	0.424027
1	0.373771	0.625915
1	0.0964578	0.902465
0	0.529787	0.465767
0	0.982349	0.0148064
0	0.620574	0.371107
1	0.0934416	0.905517
0	0.55682	0.438042
0	0.982594	0.0145653
1	0.475529	0.523612
1	0.495907	0.50184
0	0.517647	0.479557
0	0.522988	0.4735
0	0.52548	0.469798
0	0.584338	0.409133
0	0.544561	0.45078
0	0.985422	0.0121526
1	0.469532	0.530008
1	0.133991	0.864404
0	0.55923	0.43518
1	0.225233	0.773739
1	0.487733	0.509077
1	0.326656	0.672908
1	0.380511	0.619214
0	0.533165	0.463082
0	0.589453	0.403656
1	0.461685	0.53831
1	0.498281	0.4996
0	0.984348	0.0130902
0	0.526051	0.470829
0	0.99271	0.0057269
0	0.568468	0.428425
0	0.726005	0.261563
0	0.54194	0.454118
1	0.492189	0.504109
0	0.619743	0.371611
0	0.575916	0.417861
1	0.361837	0.637829
1	0.331035	0.668542
1	0.0862313	0.912498
0	0.550808	0.444094
0	0.766657	0.220566
1	0.415006	0.58464
0	0.996415	0.00261441
1	0.476372	0.522705
1	0.295614	0.702618
0	0.522893	0.471257
0	0.532982	0.461262
0	0.991103	0.00701662
0	0.510882	0.484037
0	0.680357	0.308582
1	0.119516	0.879334
0	0.669376	0.320679
0	0.538064	0.457824
1	0.457226	0.542754
1	0.496098	0.501908
1	0.112996	0.885908
0	0.597453	0.400149
0	0.591917	0.400506
0	0.511264	0.485259
0	0.670206	0.319668
1	0.205661	0.793288
0	0.698445	0.292166
0	0.693791	0.304628
1	0.461685	0.53831
1	0.143532	0.855282
1	0.470684	0.528563
1	0.27218	0.727181
0	0.680693	0.308558
0	0.728135	0.259771
1	0.127191	0.871592
1	0.45491	0.545062
1	0.43374	0.566159
1	0.460794	0.537862
1	0.493795	0.50418
1	0.00430845	0.995553
1	0.423988	0.575878
1	0.378923	0.620797
0	0.571791	0.422913
1	0.430144	0.569686
1	0.495897	0.501813
1	0.461685	0.53831
1	0.481596	0.517089
0	0.986904	0.0107575
0	0.538083	0.457651
0	0.993303	0.00512716
0	0.600945	0.391756
0	0.578001	0.415902
0	0.588425	0.404489
0	0.670212	0.319501
0	0.994331	0.00431033
0	0.985993	0.0113395
0	0.974993	0.0215864
0	0.541225	0.454372
0	0.508922	0.487944
0	0.599103	0.393597
0	0.545865	0.449608
0	0.70496	0.283493
1	0.474612	0.524431
0	0.691363	0.297718
0	0.981836	0.0150239
1	0.365748	0.63393
1	0.192373	0.806489
0	0.989267	0.00863388
1	0.0548785	0.944279
1	0.240301	0.758952
0	0.615572	0.386311
1	0.379866	0.617499
0	0.970774	0.0251345
0	0.985752	0.0116272
1	0.461685	0.53831
0	0.989316	0.00849335
0	0.701447	0.291182
0	0.562741	0.431564
0	0.664641	0.330245
1	0.473711	0.525561
0	0.985711	0.011897
1	0.495214	0.502545
0	0.576896	0.416964
0	0.566644	0.427645
1	0.468023	0.531594
0	0.594809	0.401007
1	0.322943	0.676611
1	0.185858	0.812499
1	0.48664	0.51036
0	0.657636	0.333245
1	0.465247	0.534572
0	0.544565	0.450895
0	0.576575	0.416567
0	0.975638	0.0207895
0	0.987368	0.0104541
1	0.488781	0.50991
1	0.496282	0.501577
1	0.461685	0.53831
0	0.947927	0.0463694
0	0.975843	0.0208464
0	0.553145	0.442228
0	0.670182	0.319482
1	0.482598	0.516314
0	0.990718	0.00736726
0	0.964371	0.0317227
1	0.430264	0.569623
1	0.356172	0.643477
0	0.547581	0.447583
0	0.585149	0.40791
0	0.987399	0.0103714
1	0.0574131	0.941729
1	0.449914	0.549713
1	0.328575	0.670994
1	0.0059101	0.993912
0	0.736822	0.250059
1	0.461685	0.53831
1	0.190179	0.808692
1	0.498399	0.499339
0	0.986241	0.0112444
0	0.566796	0.427636
0	0.991501	0.00668702
1	0.0992195	0.899585
1	0.461685	0.53831
0	0.522951	0.473636
0	0.633572	0.357569
1	0.446098	0.553104
0	0.604992	0.387079
1	0.474438	0.523728
0	0.605877	0.3873
0	0.549058	0.446044
0	0.676886	0.312952
0	0.930032	0.0658022
1	0.495119	0.500772
1	0.435009	0.564805
0	0.576455	0.417435
0	0.794212	0.193159
0	0.983577	0.0137816
1	0.470953	0.528491
1	0.320005	0.679541
0	0.987036	0.0106238
1	0.388536	0.611214
1	0.330281	0.664842
0	0.694857	0.300958
0	0.557194	0.437953
1	0.0335291	0.965847
0	0.538505	0.45747
0	0.548353	0.446596
1	0.384998	0.614741
1	0.24635	0.75258
0	0.50873	0.488213
0	0.653671	0.337021
0	0.980796	0.0163585
0	0.614829	0.377088
0	0.584092	0.408883
0	0.659391	0.330427
0	0.589532	0.403322
0	0.979804	0.0175602
0	0.587673	0.405597
0	0.975503	0.0214331
0	0.986878	0.0105001
1	0.476372	0.52316
0	0.636961	0.353884
1	0.406021	0.593786
1	0.408211	0.591603
0	0.620166	0.371076
1	0.349535	0.650094
0	0.557253	0.437045
1	0.439869	0.558188
1	0.250607	0.747081
0	0.992616	0.00573399
1	0.382026	0.617703
0	0.612912	0.378653
0	0.994407	0.00425543
0	0.558168	0.439796
0	0.625354	0.366295
1	0.191214	0.80716
1	0.487827	0.51046
1	0.350634	0.648909
1	0.276495	0.722919
0	0.988926	0.0090408
0	0.952553	0.0425719
1	0.285713	0.710465
1	0.131649	0.867213
0	0.613598	0.378824
1	0.492542	0.505699
1	0.411348	0.588476
0	0.659582	0.341267
0	0.523457	0.471291
1	0.393708	0.606059
0	0.987881	0.0100095
0	0.615161	0.376865
1	0.43754	0.562372
1	0.0141066	0.985561
0	0.986744	0.0109558
1	0.461685	0.53831
1	0.0854897	0.913466
0	0.505227	0.492188
0	0.561854	0.432991
1	0.326177	0.673197
0	0.5162	0.480766
1	0.219883	0.779116
1	0.329036	0.670354
0	0.712991	0.275191
0	0.989652	0.00834857
0	0.604404	0.395853
1	0.30299	0.691771
0	0.9795	0.0173406
1	0.461685	0.53831
0	0.508547	0.488973
0	0.991757	0.00665382
1	0.453204	0.546762
0	0.995632	0.00324476
1	0.469919	0.529392
0	0.630444	0.360685
0	0.59462	0.398303
0	0.569724	0.42421
1	0.00749185	0.992291
0	0.569811	0.424044
1	0.488993	0.509251
0	0.52812	0.468
0	0.577185	0.416658
1	0.354703	0.644942
1	0.46916	0.530075
0	0.993781	0.00478162
0	0.981791	0.0153205
0	0.952747	0.0421406
1	0.455056	0.544916
1	0.289639	0.706024
0	0.671453	0.318059
1	0.376069	0.623528
0	0.610206	0.382756
0	0.978973	0.0173862
1	0.321368	0.678181
0	0.586337	0.407191
0	0.565154	0.429337
0	0.585031	0.412139
1	0.462067	0.537905
1	0.288639	0.710519
1	0.351502	0.648133
0	0.992504	0.00572174
1	0.338605	0.660993
1	0.492808	0.505545
1	0.478601	0.520175
0	0.627745	0.364265
1	0.350075	0.64941
0	0.809604	0.180133
0	0.644086	0.345055
1	0.322994	0.676498
0	0.506532	0.491032
0	0.506319	0.490818
0	0.985373	0.0116935
0	0.982015	0.0151051
1	0.134318	0.863626
0	0.549291	0.445668
1	0.140926	0.857911
0	0.637563	0.363827
1	0.324624	0.674934
1	0.410016	0.589804
0	0.995506	0.00331284
0	0.564599	0.429764
1	0.342563	0.656891
1	0.461685	0.53831
1	0.477235	0.520612
0	0.595045	0.402309
1	0.461685	0.53831
1	0.0848145	0.914167
1	0.161185	0.837626
1	0.418458	0.58139
0	0.996135	0.00287211
0	0.677772	0.319553
1	0.266302	0.730568
1	0.482543	0.516098
1	0.471929	0.527307
0	0.783526	0.20388
1	0.37342	0.626283
0	0.970189	0.0265999
0	0.686376	0.302703
0	0.514555	0.482416
0	0.962077	0.0344275
1	0.490424	0.508239
1	0.113907	0.884947
1	0.442243	0.55636
1	0.489553	0.508984
0	0.693483	0.30686
0	0.520799	0.476144
1	0.0411455	0.958139
1	0.00878294	0.990972
1	0.497274	0.500708
1	0.469395	0.528481
1	0.484671	0.51378
0	0.993068	0.00543289
0	0.659133	0.331906
1	0.0506604	0.948528
0	0.599381	0.393843
0	0.622054	0.369496
0	0.553356	0.442035
1	0.466314	0.53332
1	0.478746	0.52012
0	0.992461	0.00600019
1	0.465555	0.534361
0	0.731695	0.256899
1	0.43909	0.560827
0	0.975623	0.0211902
1	0.244526	0.753751
1	0.0642795	0.934827
1	0.496671	0.501229
1	0.156069	0.842709
0	0.614736	0.376791
0	0.993164	0.0053227
1	0.17667	0.822179
1	0.464254	0.535588
1	0.471891	0.527574
0	0.981339	0.0155492
1	0.354464	0.64518
1	0.34285	0.656759
0	0.578397	0.415645
0	0.991241	0.00701571
0	0.99612	0.00288945
1	0.496809	0.500987
0	0.978905	0.0183691
1	0.430968	0.567541
1	0.00413151	0.995735
0	0.631081	0.359802
0	0.510274	0.486942
1	0.0941543	0.904779
0	0.572116	0.423397
0	0.969213	0.0268188
1	0.469564	0.527715
0	0.984672	0.0126938
1	0.455117	0.544856
0	0.608594	0.383538
0	0.97858	0.0182923
0	0.538827	0.45659
1	0.295506	0.707039
1	0.0769315	0.922087
0	0.644223	0.34948
0	0.98632	0.011421
0	0.552746	0.442018
0	0.554556	0.43937
0	0.507422	0.489269
0	0.662459	0.327604
1	0.462864	0.537061
0	0.994019	0.00463418
1	0.464736	0.535077
0	0.507359	0.490197
0	0.713184	0.274629
1	0.487876	0.510305
0	0.569726	0.424574
0	0.709396	0.279506
1	0.433368	0.56653
1	0.0141026	0.985553
1	0.100824	0.897456
1	0.49376	0.504142
0	0.506642	0.490297
0	0.974837	0.0220635
1	0.364444	0.635231
1	0.30937	0.688732
0	0.991256	0.00684089
1	0.0422745	0.957015
1	0.461685	0.53831
0	0.992997	0.00554783
1	0.494473	0.502036
0	0.739661	0.25461
0	0.509098	0.488444
1	0.461685	0.53831
1	0.327251	0.672315
1	0.494025	0.501996
1	0.485663	0.512549
0	0.786937	0.201221
0	0.622526	0.368546
1	0.368723	0.630965
1	0.469962	0.529526
1	0.281113	0.715581
0	0.540632	0.454933
1	0.46108	0.538687
1	0.492001	0.50592
1	0.333085	0.666497
0	0.548398	0.446795
0	0.56031	0.43433
0	0.50023	0.497841
0	0.56567	0.430236
0	0.549132	0.44623
0	0.606462	0.386115
1	0.488934	0.509552
0	0.522814	0.47347
0	0.538821	0.457014
0	0.513746	0.483414
0	0.974673	0.0221863
1	0.442595	0.557335
1	0.475223	0.524024
1	0.216367	0.782529
0	0.597603	0.395377
0	0.608159	0.383842
1	0.448396	0.551554
0	0.586239	0.407954
0	0.518382	0.477787
0	0.595042	0.39776
0	0.522331	0.47407
1	0.106162	0.892699
0	0.526676	0.469493
0	0.55837	0.436563
0	0.599681	0.393236
0	0.677748	0.312375
0	0.604089	0.394805
1	0.450904	0.545276
1	0.467704	0.531829
0	0.957673	0.038647
0	0.982843	0.0145355
1	0.222568	0.775461
1	0.42055	0.579305
0	0.748372	0.239209
1	0.465858	0.533936
1	0.429025	0.570858
0	0.56619	0.428216
0	0.984753	0.0124347
0	0.990471	0.0077362
1	0.351942	0.647695
1	0.448895	0.551056
0	0.603001	0.395391
1	0.4703	0.528855
0	0.516906	0.479065
1	0.467672	0.530702
0	0.745363	0.242774
0	0.700886	0.287871
1	0.0738267	0.925206
0	0.745095	0.243005
1	0.411161	0.588663
0	0.557528	0.437706
0	0.982221	0.0152329
1	0.290687	0.708189
0	0.621577	0.370155
0	0.995151	0.00365964
1	0.077208	0.921815
0	0.976956	0.0190943
1	0.461685	0.53831
0	0.617029	0.373573
0	0.577127	0.41719
0	0.990899	0.0072784
0	0.635746	0.3554
1	0.431405	0.568487
1	0.345965	0.653654
0	0.609268	0.383132
0	0.647591	0.342349
